12.8263 3.4655
47.7697 14.339
73.7837 12.0519
98.4087 6.5553
118.5371 8.0405
131.6322 2.4939
214.6586 3.1829
288.6503 4.1392
342.8608 7.6002
413.5118 76.4836
419.1471 0.4762
432.7706 12.3967
493.3177 4.822
505.3326 13.4722
521.647 79.6611
552.2255 2.0203
610.1974 87.8927
619.4056 297.7644
664.6215 10.0065
705.6466 75.534
730.2097 135.0023
778.8491 30.4769
826.3854 922.0328
844.7945 0.826
870.229 63.7111
904.1901 4332.1463
1011.3035 0.1126
1015.6918 0.4542
1035.365 19.274
1064.9322 193.8005
1087.6211 46.951
1152.015 37.9093
1194.0924 107.0169
1206.5541 240.3745
1240.5156 19.1658
1262.9833 13.0556
1330.0683 9.6247
1364.2433 3.1005
1368.3239 1.5984
1380.4815 122.6169
1447.0972 33.4981
1457.6113 6.9208
1485.6118 176.3305
1545.1731 13.7869
1573.3849 240.6984
1617.8805 122.0752
1654.0351 275.5246
1692.9635 259.0071
1726.0341 19.1338
3177.2669 10.8817
3178.3975 16.0523
3207.5368 3.9145
3221.4729 1.253
3396.5883 17.0256
3478.9299 13.5087
3591.2687 193.8442
3663.1694 65.1797
