    1.00    0.10389
    2.00    0.11325
    3.00    0.12465
    4.00    0.13867
    5.00    0.15610
    6.00    0.17789
    7.00    0.20517
    8.00    0.23899
    9.00    0.27963
   10.00    0.32531
   11.00    0.37019
   12.00    0.40369
   13.00    0.41457
   14.00    0.39913
   15.00    0.36451
   16.00    0.32258
   17.00    0.28250
   18.00    0.24856
   19.00    0.22169
   20.00    0.20125
   21.00    0.18619
   22.00    0.17547
   23.00    0.16827
   24.00    0.16395
   25.00    0.16206
   26.00    0.16230
   27.00    0.16450
   28.00    0.16857
   29.00    0.17453
   30.00    0.18248
   31.00    0.19263
   32.00    0.20526
   33.00    0.22080
   34.00    0.23982
   35.00    0.26310
   36.00    0.29168
   37.00    0.32695
   38.00    0.37077
   39.00    0.42560
   40.00    0.49466
   41.00    0.58200
   42.00    0.69224
   43.00    0.82960
   44.00    0.99496
   45.00    1.18010
   46.00    1.35961
   47.00    1.48886
   48.00    1.52220
   49.00    1.44698
   50.00    1.29494
   51.00    1.11523
   52.00    0.94447
   53.00    0.79939
   54.00    0.68321
   55.00    0.59316
   56.00    0.52483
   57.00    0.47404
   58.00    0.43746
   59.00    0.41263
   60.00    0.39788
   61.00    0.39227
   62.00    0.39546
   63.00    0.40768
   64.00    0.42980
   65.00    0.46335
   66.00    0.51060
   67.00    0.57462
   68.00    0.65906
   69.00    0.76723
   70.00    0.89978
   71.00    1.04976
   72.00    1.19589
   73.00    1.30067
   74.00    1.32553
   75.00    1.25939
   76.00    1.12856
   77.00    0.97432
   78.00    0.82757
   79.00    0.70247
   80.00    0.60177
   81.00    0.52314
   82.00    0.46284
   83.00    0.41733
   84.00    0.38375
   85.00    0.36000
   86.00    0.34466
   87.00    0.33686
   88.00    0.33630
   89.00    0.34313
   90.00    0.35801
   91.00    0.38209
   92.00    0.41700
   93.00    0.46462
   94.00    0.52632
   95.00    0.60127
   96.00    0.68318
   97.00    0.75695
   98.00    0.80040
   99.00    0.79640
  100.00    0.74695
  101.00    0.67144
  102.00    0.59145
  103.00    0.52049
  104.00    0.46375
  105.00    0.42167
  106.00    0.39295
  107.00    0.37608
  108.00    0.37000
  109.00    0.37428
  110.00    0.38921
  111.00    0.41581
  112.00    0.45579
  113.00    0.51127
  114.00    0.58402
  115.00    0.67346
  116.00    0.77298
  117.00    0.86553
  118.00    0.92450
  119.00    0.92691
  120.00    0.87178
  121.00    0.78114
  122.00    0.68223
  123.00    0.59332
  124.00    0.52209
  125.00    0.46988
  126.00    0.43545
  127.00    0.41685
  128.00    0.41168
  129.00    0.41619
  130.00    0.42394
  131.00    0.42569
  132.00    0.41305
  133.00    0.38431
  134.00    0.34527
  135.00    0.30401
  136.00    0.26610
  137.00    0.23378
  138.00    0.20718
  139.00    0.18558
  140.00    0.16806
  141.00    0.15375
  142.00    0.14198
  143.00    0.13220
  144.00    0.12398
  145.00    0.11702
  146.00    0.11107
  147.00    0.10594
  148.00    0.10149
  149.00    0.09760
  150.00    0.09418
  151.00    0.09115
  152.00    0.08847
  153.00    0.08607
  154.00    0.08393
  155.00    0.08201
  156.00    0.08028
  157.00    0.07872
  158.00    0.07731
  159.00    0.07603
  160.00    0.07488
  161.00    0.07383
  162.00    0.07289
  163.00    0.07203
  164.00    0.07126
  165.00    0.07056
  166.00    0.06993
  167.00    0.06937
  168.00    0.06887
  169.00    0.06843
  170.00    0.06804
  171.00    0.06771
  172.00    0.06743
  173.00    0.06719
  174.00    0.06701
  175.00    0.06687
  176.00    0.06678
  177.00    0.06674
  178.00    0.06674
  179.00    0.06679
  180.00    0.06689
  181.00    0.06705
  182.00    0.06725
  183.00    0.06752
  184.00    0.06785
  185.00    0.06824
  186.00    0.06871
  187.00    0.06925
  188.00    0.06989
  189.00    0.07062
  190.00    0.07146
  191.00    0.07243
  192.00    0.07354
  193.00    0.07482
  194.00    0.07629
  195.00    0.07799
  196.00    0.07996
  197.00    0.08226
  198.00    0.08495
  199.00    0.08811
  200.00    0.09185
  201.00    0.09633
  202.00    0.10171
  203.00    0.10825
  204.00    0.11627
  205.00    0.12620
  206.00    0.13860
  207.00    0.15420
  208.00    0.17393
  209.00    0.19881
  210.00    0.22974
  211.00    0.26677
  212.00    0.30773
  213.00    0.34647
  214.00    0.37276
  215.00    0.37689
  216.00    0.35718
  217.00    0.32149
  218.00    0.28064
  219.00    0.24226
  220.00    0.20961
  221.00    0.18316
  222.00    0.16220
  223.00    0.14568
  224.00    0.13264
  225.00    0.12229
  226.00    0.11401
  227.00    0.10733
  228.00    0.10191
  229.00    0.09746
  230.00    0.09380
  231.00    0.09077
  232.00    0.08824
  233.00    0.08613
  234.00    0.08437
  235.00    0.08289
  236.00    0.08165
  237.00    0.08062
  238.00    0.07977
  239.00    0.07907
  240.00    0.07850
  241.00    0.07805
  242.00    0.07771
  243.00    0.07746
  244.00    0.07729
  245.00    0.07721
  246.00    0.07720
  247.00    0.07725
  248.00    0.07737
  249.00    0.07756
  250.00    0.07781
  251.00    0.07811
  252.00    0.07848
  253.00    0.07891
  254.00    0.07940
  255.00    0.07996
  256.00    0.08059
  257.00    0.08128
  258.00    0.08206
  259.00    0.08292
  260.00    0.08387
  261.00    0.08492
  262.00    0.08609
  263.00    0.08738
  264.00    0.08881
  265.00    0.09041
  266.00    0.09220
  267.00    0.09420
  268.00    0.09645
  269.00    0.09900
  270.00    0.10190
  271.00    0.10523
  272.00    0.10906
  273.00    0.11352
  274.00    0.11874
  275.00    0.12491
  276.00    0.13227
  277.00    0.14115
  278.00    0.15195
  279.00    0.16524
  280.00    0.18177
  281.00    0.20248
  282.00    0.22856
  283.00    0.26138
  284.00    0.30207
  285.00    0.35068
  286.00    0.40437
  287.00    0.45508
  288.00    0.48946
  289.00    0.49494
  290.00    0.46948
  291.00    0.42339
  292.00    0.37073
  293.00    0.32137
  294.00    0.27950
  295.00    0.24572
  296.00    0.21906
  297.00    0.19820
  298.00    0.18187
  299.00    0.16906
  300.00    0.15897
  301.00    0.15098
  302.00    0.14465
  303.00    0.13964
  304.00    0.13568
  305.00    0.13258
  306.00    0.13020
  307.00    0.12841
  308.00    0.12712
  309.00    0.12629
  310.00    0.12584
  311.00    0.12576
  312.00    0.12600
  313.00    0.12655
  314.00    0.12740
  315.00    0.12855
  316.00    0.13000
  317.00    0.13176
  318.00    0.13385
  319.00    0.13630
  320.00    0.13914
  321.00    0.14242
  322.00    0.14619
  323.00    0.15053
  324.00    0.15553
  325.00    0.16131
  326.00    0.16803
  327.00    0.17586
  328.00    0.18507
  329.00    0.19596
  330.00    0.20896
  331.00    0.22462
  332.00    0.24367
  333.00    0.26707
  334.00    0.29610
  335.00    0.33243
  336.00    0.37816
  337.00    0.43574
  338.00    0.50745
  339.00    0.59402
  340.00    0.69168
  341.00    0.78792
  342.00    0.85979
  343.00    0.88241
  344.00    0.84689
  345.00    0.76828
  346.00    0.67255
  347.00    0.58002
  348.00    0.50035
  349.00    0.43565
  350.00    0.38454
  351.00    0.34461
  352.00    0.31349
  353.00    0.28920
  354.00    0.27020
  355.00    0.25530
  356.00    0.24363
  357.00    0.23451
  358.00    0.22745
  359.00    0.22206
  360.00    0.21805
  361.00    0.21520
  362.00    0.21334
  363.00    0.21233
  364.00    0.21208
  365.00    0.21251
  366.00    0.21356
  367.00    0.21519
  368.00    0.21736
  369.00    0.22006
  370.00    0.22328
  371.00    0.22701
  372.00    0.23126
  373.00    0.23606
  374.00    0.24140
  375.00    0.24733
  376.00    0.25388
  377.00    0.26109
  378.00    0.26901
  379.00    0.27772
  380.00    0.28727
  381.00    0.29776
  382.00    0.30929
  383.00    0.32198
  384.00    0.33597
  385.00    0.35142
  386.00    0.36852
  387.00    0.38751
  388.00    0.40866
  389.00    0.43229
  390.00    0.45879
  391.00    0.48863
  392.00    0.52238
  393.00    0.56075
  394.00    0.60459
  395.00    0.65498
  396.00    0.71324
  397.00    0.78107
  398.00    0.86061
  399.00    0.95461
  400.00    1.06665
  401.00    1.20139
  402.00    1.36496
  403.00    1.56550
  404.00    1.81378
  405.00    2.12400
  406.00    2.51455
  407.00    3.00808
  408.00    3.62959
  409.00    4.39896
  410.00    5.31214
  411.00    6.30551
  412.00    7.21494
  413.00    7.78621
  414.00    7.80485
  415.00    7.26858
  416.00    6.38957
  417.00    5.42293
  418.00    4.53440
  419.00    3.78835
  420.00    3.18951
  421.00    2.71981
  422.00    2.35714
  423.00    2.08189
  424.00    1.87858
  425.00    1.73601
  426.00    1.64683
  427.00    1.60676
  428.00    1.61312
  429.00    1.66190
  430.00    1.74227
  431.00    1.82942
  432.00    1.88255
  433.00    1.86042
  434.00    1.75068
  435.00    1.57966
  436.00    1.38889
  437.00    1.20927
  438.00    1.05458
  439.00    0.92702
  440.00    0.82366
  441.00    0.74021
  442.00    0.67255
  443.00    0.61730
  444.00    0.57178
  445.00    0.53395
  446.00    0.50225
  447.00    0.47548
  448.00    0.45274
  449.00    0.43331
  450.00    0.41664
  451.00    0.40231
  452.00    0.38995
  453.00    0.37931
  454.00    0.37014
  455.00    0.36228
  456.00    0.35558
  457.00    0.34991
  458.00    0.34517
  459.00    0.34129
  460.00    0.33821
  461.00    0.33586
  462.00    0.33420
  463.00    0.33321
  464.00    0.33287
  465.00    0.33315
  466.00    0.33405
  467.00    0.33558
  468.00    0.33774
  469.00    0.34055
  470.00    0.34404
  471.00    0.34825
  472.00    0.35322
  473.00    0.35901
  474.00    0.36571
  475.00    0.37340
  476.00    0.38222
  477.00    0.39232
  478.00    0.40388
  479.00    0.41716
  480.00    0.43245
  481.00    0.45015
  482.00    0.47076
  483.00    0.49496
  484.00    0.52361
  485.00    0.55780
  486.00    0.59898
  487.00    0.64887
  488.00    0.70935
  489.00    0.78190
  490.00    0.86624
  491.00    0.95794
  492.00    1.04612
  493.00    1.11537
  494.00    1.15532
  495.00    1.17058
  496.00    1.17823
  497.00    1.19666
  498.00    1.23880
  499.00    1.31239
  500.00    1.42226
  501.00    1.57079
  502.00    1.75521
  503.00    1.96122
  504.00    2.15661
  505.00    2.29632
  506.00    2.34891
  507.00    2.32422
  508.00    2.26670
  509.00    2.22394
  510.00    2.22768
  511.00    2.29489
  512.00    2.43592
  513.00    2.66107
  514.00    2.98434
  515.00    3.42476
  516.00    4.00503
  517.00    4.74492
  518.00    5.64352
  519.00    6.64448
  520.00    7.59176
  521.00    8.22760
  522.00    8.30973
  523.00    7.79806
  524.00    6.89059
  525.00    5.85795
  526.00    4.88952
  527.00    4.06587
  528.00    3.39820
  529.00    2.86808
  530.00    2.44960
  531.00    2.11856
  532.00    1.85510
  533.00    1.64380
  534.00    1.47294
  535.00    1.33370
  536.00    1.21945
  537.00    1.12518
  538.00    1.04709
  539.00    0.98228
  540.00    0.92858
  541.00    0.88434
  542.00    0.84834
  543.00    0.81976
  544.00    0.79806
  545.00    0.78302
  546.00    0.77466
  547.00    0.77313
  548.00    0.77844
  549.00    0.78980
  550.00    0.80460
  551.00    0.81746
  552.00    0.82126
  553.00    0.81139
  554.00    0.78950
  555.00    0.76192
  556.00    0.73484
  557.00    0.71178
  558.00    0.69385
  559.00    0.68087
  560.00    0.67223
  561.00    0.66724
  562.00    0.66533
  563.00    0.66605
  564.00    0.66906
  565.00    0.67410
  566.00    0.68102
  567.00    0.68969
  568.00    0.70005
  569.00    0.71206
  570.00    0.72573
  571.00    0.74109
  572.00    0.75819
  573.00    0.77710
  574.00    0.79792
  575.00    0.82077
  576.00    0.84579
  577.00    0.87317
  578.00    0.90310
  579.00    0.93583
  580.00    0.97161
  581.00    1.01079
  582.00    1.05372
  583.00    1.10084
  584.00    1.15266
  585.00    1.20976
  586.00    1.27285
  587.00    1.34275
  588.00    1.42043
  589.00    1.50706
  590.00    1.60404
  591.00    1.71308
  592.00    1.83623
  593.00    1.97604
  594.00    2.13564
  595.00    2.31896
  596.00    2.53094
  597.00    2.77784
  598.00    3.06774
  599.00    3.41103
  600.00    3.82127
  601.00    4.31612
  602.00    4.91856
  603.00    5.65788
  604.00    6.56979
  605.00    7.69338
  606.00    9.06018
  607.00   10.66796
  608.00   12.43617
  609.00   14.16952
  610.00   15.61016
  611.00   16.62700
  612.00   17.37940
  613.00   18.23955
  614.00   19.57527
  615.00   21.61063
  616.00   24.36166
  617.00   27.54056
  618.00   30.43842
  619.00   32.02069
  620.00   31.48356
  621.00   28.89652
  622.00   25.12098
  623.00   21.12025
  624.00   17.49095
  625.00   14.45010
  626.00   11.99741
  627.00   10.04861
  628.00    8.50391
  629.00    7.27430
  630.00    6.28806
  631.00    5.48984
  632.00    4.83765
  633.00    4.29976
  634.00    3.85218
  635.00    3.47663
  636.00    3.15912
  637.00    2.88879
  638.00    2.65719
  639.00    2.45766
  640.00    2.28494
  641.00    2.13480
  642.00    2.00387
  643.00    1.88941
  644.00    1.78921
  645.00    1.70149
  646.00    1.62479
  647.00    1.55797
  648.00    1.50015
  649.00    1.45064
  650.00    1.40902
  651.00    1.37505
  652.00    1.34875
  653.00    1.33040
  654.00    1.32060
  655.00    1.32034
  656.00    1.33110
  657.00    1.35494
  658.00    1.39453
  659.00    1.45291
  660.00    1.53265
  661.00    1.63359
  662.00    1.74838
  663.00    1.85702
  664.00    1.92689
  665.00    1.92800
  666.00    1.85631
  667.00    1.73734
  668.00    1.60499
  669.00    1.48263
  670.00    1.38006
  671.00    1.29855
  672.00    1.23577
  673.00    1.18852
  674.00    1.15385
  675.00    1.12937
  676.00    1.11330
  677.00    1.10430
  678.00    1.10145
  679.00    1.10414
  680.00    1.11198
  681.00    1.12482
  682.00    1.14266
  683.00    1.16566
  684.00    1.19416
  685.00    1.22866
  686.00    1.26985
  687.00    1.31868
  688.00    1.37634
  689.00    1.44441
  690.00    1.52490
  691.00    1.62044
  692.00    1.73441
  693.00    1.87128
  694.00    2.03691
  695.00    2.23906
  696.00    2.48802
  697.00    2.79738
  698.00    3.18476
  699.00    3.67211
  700.00    4.28416
  701.00    5.04219
  702.00    5.94739
  703.00    6.94798
  704.00    7.89742
  705.00    8.55255
  706.00    8.68482
  707.00    8.25739
  708.00    7.45922
  709.00    6.54824
  710.00    5.70553
  711.00    5.00926
  712.00    4.47219
  713.00    4.07945
  714.00    3.80972
  715.00    3.64417
  716.00    3.56924
  717.00    3.57712
  718.00    3.66559
  719.00    3.83805
  720.00    4.10372
  721.00    4.47845
  722.00    4.98565
  723.00    5.65717
  724.00    6.53259
  725.00    7.65348
  726.00    9.04542
  727.00   10.67633
  728.00   12.38570
  729.00   13.82494
  730.00   14.53142
  731.00   14.21291
  732.00   12.99735
  733.00   11.31738
  734.00    9.59052
  735.00    8.05212
  736.00    6.77731
  737.00    5.75649
  738.00    4.94985
  739.00    4.31374
  740.00    3.81019
  741.00    3.40898
  742.00    3.08690
  743.00    2.82639
  744.00    2.61425
  745.00    2.44048
  746.00    2.29750
  747.00    2.17950
  748.00    2.08200
  749.00    2.00153
  750.00    1.93538
  751.00    1.88142
  752.00    1.83798
  753.00    1.80375
  754.00    1.77769
  755.00    1.75901
  756.00    1.74713
  757.00    1.74163
  758.00    1.74224
  759.00    1.74886
  760.00    1.76152
  761.00    1.78042
  762.00    1.80594
  763.00    1.83866
  764.00    1.87942
  765.00    1.92940
  766.00    1.99018
  767.00    2.06391
  768.00    2.15347
  769.00    2.26271
  770.00    2.39679
  771.00    2.56240
  772.00    2.76805
  773.00    3.02355
  774.00    3.33812
  775.00    3.71464
  776.00    4.13783
  777.00    4.55722
  778.00    4.88058
  779.00    5.00854
  780.00    4.90658
  781.00    4.63607
  782.00    4.30144
  783.00    3.98399
  784.00    3.72237
  785.00    3.52518
  786.00    3.38717
  787.00    3.29909
  788.00    3.25195
  789.00    3.23838
  790.00    3.25283
  791.00    3.29132
  792.00    3.35111
  793.00    3.43049
  794.00    3.52854
  795.00    3.64500
  796.00    3.78017
  797.00    3.93487
  798.00    4.11040
  799.00    4.30859
  800.00    4.53181
  801.00    4.78303
  802.00    5.06594
  803.00    5.38511
  804.00    5.74609
  805.00    6.15575
  806.00    6.62255
  807.00    7.15696
  808.00    7.77203
  809.00    8.48415
  810.00    9.31405
  811.00   10.28819
  812.00   11.44058
  813.00   12.81540
  814.00   14.47046
  815.00   16.48193
  816.00   18.95079
  817.00   22.01090
  818.00   25.83862
  819.00   30.66116
  820.00   36.75629
  821.00   44.42344
  822.00   53.88197
  823.00   65.02198
  824.00   76.95142
  825.00   87.52905
  826.00   93.63171
  827.00   92.88485
  828.00   85.62521
  829.00   74.59550
  830.00   62.80000
  831.00   52.08613
  832.00   43.12743
  833.00   35.92981
  834.00   30.24174
  835.00   25.76370
  836.00   22.22842
  837.00   19.42081
  838.00   17.17522
  839.00   15.36635
  840.00   13.89992
  841.00   12.70467
  842.00   11.72609
  843.00   10.92148
  844.00   10.25658
  845.00    9.70420
  846.00    9.24446
  847.00    8.86421
  848.00    8.55458
  849.00    8.30854
  850.00    8.11994
  851.00    7.98357
  852.00    7.89521
  853.00    7.85182
  854.00    7.85148
  855.00    7.89343
  856.00    7.97805
  857.00    8.10701
  858.00    8.28342
  859.00    8.51216
  860.00    8.80025
  861.00    9.15746
  862.00    9.59691
  863.00   10.13564
  864.00   10.79439
  865.00   11.59504
  866.00   12.55242
  867.00   13.65492
  868.00   14.83140
  869.00   15.92259
  870.00   16.71412
  871.00   17.06949
  872.00   17.05026
  873.00   16.86531
  874.00   16.72006
  875.00   16.73565
  876.00   16.95841
  877.00   17.39573
  878.00   18.04247
  879.00   18.89412
  880.00   19.95193
  881.00   21.22472
  882.00   22.72952
  883.00   24.49210
  884.00   26.54805
  885.00   28.94434
  886.00   31.74174
  887.00   35.01828
  888.00   38.87413
  889.00   43.43825
  890.00   48.87767
  891.00   55.41011
  892.00   63.32152
  893.00   72.98972
  894.00   84.91596
  895.00   99.76491
  896.00  118.40965
  897.00  141.96732
  898.00  171.78073
  899.00  209.23547
  900.00  255.17542
  901.00  308.54697
  902.00  364.11905
  903.00  410.60818
  904.00  433.18887
  905.00  422.71802
  906.00  383.58771
  907.00  329.78009
  908.00  274.61090
  909.00  225.51714
  910.00  184.83704
  911.00  152.23381
  912.00  126.42569
  913.00  106.01691
  914.00   89.79662
  915.00   76.80122
  916.00   66.29170
  917.00   57.70926
  918.00   50.63266
  919.00   44.74338
  920.00   39.79910
  921.00   35.61397
  922.00   32.04422
  923.00   28.97761
  924.00   26.32578
  925.00   24.01853
  926.00   21.99961
  927.00   20.22361
  928.00   18.65357
  929.00   17.25923
  930.00   16.01561
  931.00   14.90194
  932.00   13.90091
  933.00   12.99794
  934.00   12.18073
  935.00   11.43884
  936.00   10.76334
  937.00   10.14660
  938.00    9.58202
  939.00    9.06393
  940.00    8.58737
  941.00    8.14806
  942.00    7.74222
  943.00    7.36656
  944.00    7.01817
  945.00    6.69449
  946.00    6.39325
  947.00    6.11242
  948.00    5.85022
  949.00    5.60505
  950.00    5.37546
  951.00    5.16019
  952.00    4.95806
  953.00    4.76804
  954.00    4.58919
  955.00    4.42066
  956.00    4.26168
  957.00    4.11155
  958.00    3.96964
  959.00    3.83536
  960.00    3.70819
  961.00    3.58764
  962.00    3.47327
  963.00    3.36467
  964.00    3.26149
  965.00    3.16336
  966.00    3.06998
  967.00    2.98105
  968.00    2.89632
  969.00    2.81553
  970.00    2.73845
  971.00    2.66487
  972.00    2.59460
  973.00    2.52746
  974.00    2.46328
  975.00    2.40189
  976.00    2.34317
  977.00    2.28696
  978.00    2.23315
  979.00    2.18162
  980.00    2.13227
  981.00    2.08498
  982.00    2.03967
  983.00    1.99626
  984.00    1.95465
  985.00    1.91478
  986.00    1.87658
  987.00    1.83998
  988.00    1.80493
  989.00    1.77137
  990.00    1.73925
  991.00    1.70853
  992.00    1.67917
  993.00    1.65114
  994.00    1.62440
  995.00    1.59893
  996.00    1.57472
  997.00    1.55175
  998.00    1.53001
  999.00    1.50952
 1000.00    1.49027
 1001.00    1.47229
 1002.00    1.45563
 1003.00    1.44032
 1004.00    1.42646
 1005.00    1.41412
 1006.00    1.40345
 1007.00    1.39457
 1008.00    1.38761
 1009.00    1.38264
 1010.00    1.37961
 1011.00    1.37833
 1012.00    1.37866
 1013.00    1.38051
 1014.00    1.38353
 1015.00    1.38682
 1016.00    1.38944
 1017.00    1.39146
 1018.00    1.39435
 1019.00    1.40010
 1020.00    1.41037
 1021.00    1.42637
 1022.00    1.44913
 1023.00    1.47981
 1024.00    1.51992
 1025.00    1.57152
 1026.00    1.63737
 1027.00    1.72121
 1028.00    1.82785
 1029.00    1.96319
 1030.00    2.13362
 1031.00    2.34380
 1032.00    2.59139
 1033.00    2.85753
 1034.00    3.09718
 1035.00    3.24522
 1036.00    3.25324
 1037.00    3.12997
 1038.00    2.93387
 1039.00    2.72806
 1040.00    2.55137
 1041.00    2.41838
 1042.00    2.33013
 1043.00    2.28264
 1044.00    2.27126
 1045.00    2.29241
 1046.00    2.34407
 1047.00    2.42585
 1048.00    2.53901
 1049.00    2.68645
 1050.00    2.87297
 1051.00    3.10551
 1052.00    3.39372
 1053.00    3.75077
 1054.00    4.19440
 1055.00    4.74840
 1056.00    5.44449
 1057.00    6.32430
 1058.00    7.44056
 1059.00    8.85506
 1060.00   10.62705
 1061.00   12.77986
 1062.00   15.22888
 1063.00   17.67392
 1064.00   19.54553
 1065.00   20.19885
 1066.00   19.36582
 1067.00   17.39379
 1068.00   14.94207
 1069.00   12.54715
 1070.00   10.47368
 1071.00    8.78619
 1072.00    7.45428
 1073.00    6.41861
 1074.00    5.62028
 1075.00    5.01074
 1076.00    4.55327
 1077.00    4.22191
 1078.00    3.99983
 1079.00    3.87793
 1080.00    3.85390
 1081.00    3.93122
 1082.00    4.11738
 1083.00    4.41924
 1084.00    4.83199
 1085.00    5.31812
 1086.00    5.78126
 1087.00    6.06644
 1088.00    6.03136
 1089.00    5.65577
 1090.00    5.05829
 1091.00    4.39709
 1092.00    3.78100
 1093.00    3.25524
 1094.00    2.82506
 1095.00    2.47886
 1096.00    2.20094
 1097.00    1.97678
 1098.00    1.79445
 1099.00    1.64466
 1100.00    1.52034
 1101.00    1.41614
 1102.00    1.32797
 1103.00    1.25274
 1104.00    1.18806
 1105.00    1.13206
 1106.00    1.08330
 1107.00    1.04063
 1108.00    1.00313
 1109.00    0.97008
 1110.00    0.94087
 1111.00    0.91503
 1112.00    0.89216
 1113.00    0.87194
 1114.00    0.85411
 1115.00    0.83845
 1116.00    0.82478
 1117.00    0.81297
 1118.00    0.80290
 1119.00    0.79448
 1120.00    0.78766
 1121.00    0.78240
 1122.00    0.77868
 1123.00    0.77651
 1124.00    0.77590
 1125.00    0.77692
 1126.00    0.77965
 1127.00    0.78417
 1128.00    0.79065
 1129.00    0.79926
 1130.00    0.81023
 1131.00    0.82384
 1132.00    0.84047
 1133.00    0.86056
 1134.00    0.88471
 1135.00    0.91363
 1136.00    0.94825
 1137.00    0.98977
 1138.00    1.03973
 1139.00    1.10014
 1140.00    1.17363
 1141.00    1.26370
 1142.00    1.37495
 1143.00    1.51352
 1144.00    1.68741
 1145.00    1.90680
 1146.00    2.18369
 1147.00    2.52996
 1148.00    2.95127
 1149.00    3.43380
 1150.00    3.92348
 1151.00    4.31310
 1152.00    4.47461
 1153.00    4.34553
 1154.00    3.98406
 1155.00    3.51765
 1156.00    3.05553
 1157.00    2.65396
 1158.00    2.32810
 1159.00    2.07292
 1160.00    1.87684
 1161.00    1.72800
 1162.00    1.61635
 1163.00    1.53405
 1164.00    1.47519
 1165.00    1.43541
 1166.00    1.41155
 1167.00    1.40134
 1168.00    1.40323
 1169.00    1.41622
 1170.00    1.43975
 1171.00    1.47367
 1172.00    1.51813
 1173.00    1.57368
 1174.00    1.64116
 1175.00    1.72184
 1176.00    1.81740
 1177.00    1.93007
 1178.00    2.06276
 1179.00    2.21919
 1180.00    2.40420
 1181.00    2.62407
 1182.00    2.88698
 1183.00    3.20366
 1184.00    3.58825
 1185.00    4.05935
 1186.00    4.64122
 1187.00    5.36469
 1188.00    6.26661
 1189.00    7.38486
 1190.00    8.74270
 1191.00   10.31322
 1192.00   11.96199
 1193.00   13.40693
 1194.00   14.29796
 1195.00   14.45656
 1196.00   14.04957
 1197.00   13.46502
 1198.00   13.06400
 1199.00   13.07228
 1200.00   13.60891
 1201.00   14.73996
 1202.00   16.49647
 1203.00   18.83588
 1204.00   21.53848
 1205.00   24.07860
 1206.00   25.64482
 1207.00   25.53190
 1208.00   23.68975
 1209.00   20.75891
 1210.00   17.54140
 1211.00   14.57025
 1212.00   12.05837
 1213.00   10.02382
 1214.00    8.40477
 1215.00    7.12139
 1216.00    6.10070
 1217.00    5.28330
 1218.00    4.62319
 1219.00    4.08547
 1220.00    3.64384
 1221.00    3.27848
 1222.00    2.97441
 1223.00    2.72028
 1224.00    2.50748
 1225.00    2.32949
 1226.00    2.18145
 1227.00    2.05985
 1228.00    1.96231
 1229.00    1.88752
 1230.00    1.83519
 1231.00    1.80611
 1232.00    1.80226
 1233.00    1.82694
 1234.00    1.88471
 1235.00    1.98094
 1236.00    2.11986
 1237.00    2.29989
 1238.00    2.50474
 1239.00    2.69306
 1240.00    2.80087
 1241.00    2.77371
 1242.00    2.61010
 1243.00    2.36267
 1244.00    2.09544
 1245.00    1.85044
 1246.00    1.64435
 1247.00    1.47866
 1248.00    1.34878
 1249.00    1.24890
 1250.00    1.17388
 1251.00    1.11993
 1252.00    1.08459
 1253.00    1.06665
 1254.00    1.06613
 1255.00    1.08420
 1256.00    1.12314
 1257.00    1.18615
 1258.00    1.27653
 1259.00    1.39547
 1260.00    1.53733
 1261.00    1.68240
 1262.00    1.79278
 1263.00    1.82437
 1264.00    1.75695
 1265.00    1.61188
 1266.00    1.43315
 1267.00    1.25757
 1268.00    1.10367
 1269.00    0.97616
 1270.00    0.87300
 1271.00    0.79007
 1272.00    0.72318
 1273.00    0.66877
 1274.00    0.62407
 1275.00    0.58693
 1276.00    0.55572
 1277.00    0.52924
 1278.00    0.50653
 1279.00    0.48690
 1280.00    0.46978
 1281.00    0.45476
 1282.00    0.44149
 1283.00    0.42971
 1284.00    0.41920
 1285.00    0.40979
 1286.00    0.40135
 1287.00    0.39375
 1288.00    0.38691
 1289.00    0.38074
 1290.00    0.37519
 1291.00    0.37019
 1292.00    0.36572
 1293.00    0.36172
 1294.00    0.35818
 1295.00    0.35508
 1296.00    0.35238
 1297.00    0.35009
 1298.00    0.34819
 1299.00    0.34668
 1300.00    0.34557
 1301.00    0.34485
 1302.00    0.34455
 1303.00    0.34467
 1304.00    0.34524
 1305.00    0.34630
 1306.00    0.34787
 1307.00    0.35000
 1308.00    0.35276
 1309.00    0.35623
 1310.00    0.36049
 1311.00    0.36566
 1312.00    0.37189
 1313.00    0.37936
 1314.00    0.38831
 1315.00    0.39904
 1316.00    0.41194
 1317.00    0.42752
 1318.00    0.44643
 1319.00    0.46956
 1320.00    0.49806
 1321.00    0.53347
 1322.00    0.57779
 1323.00    0.63360
 1324.00    0.70392
 1325.00    0.79179
 1326.00    0.89881
 1327.00    1.02182
 1328.00    1.14775
 1329.00    1.24999
 1330.00    1.29586
 1331.00    1.26813
 1332.00    1.18016
 1333.00    1.06403
 1334.00    0.94804
 1335.00    0.84716
 1336.00    0.76563
 1337.00    0.70233
 1338.00    0.65438
 1339.00    0.61878
 1340.00    0.59295
 1341.00    0.57490
 1342.00    0.56315
 1343.00    0.55658
 1344.00    0.55442
 1345.00    0.55613
 1346.00    0.56136
 1347.00    0.56989
 1348.00    0.58165
 1349.00    0.59668
 1350.00    0.61513
 1351.00    0.63726
 1352.00    0.66344
 1353.00    0.69421
 1354.00    0.73026
 1355.00    0.77253
 1356.00    0.82218
 1357.00    0.88072
 1358.00    0.95001
 1359.00    1.03216
 1360.00    1.12921
 1361.00    1.24227
 1362.00    1.36997
 1363.00    1.50708
 1364.00    1.64604
 1365.00    1.78311
 1366.00    1.92366
 1367.00    2.07939
 1368.00    2.26204
 1369.00    2.48315
 1370.00    2.75857
 1371.00    3.11037
 1372.00    3.56566
 1373.00    4.15605
 1374.00    4.91811
 1375.00    5.89100
 1376.00    7.10485
 1377.00    8.55011
 1378.00   10.11971
 1379.00   11.54424
 1380.00   12.41308
 1381.00   12.38824
 1382.00   11.47764
 1383.00   10.02762
 1384.00    8.44528
 1385.00    6.99217
 1386.00    5.76922
 1387.00    4.78245
 1388.00    3.99990
 1389.00    3.38163
 1390.00    2.89144
 1391.00    2.50000
 1392.00    2.18467
 1393.00    1.92825
 1394.00    1.71781
 1395.00    1.54354
 1396.00    1.39805
 1397.00    1.27563
 1398.00    1.17191
 1399.00    1.08349
 1400.00    1.00769
 1401.00    0.94238
 1402.00    0.88589
 1403.00    0.83684
 1404.00    0.79415
 1405.00    0.75692
 1406.00    0.72441
 1407.00    0.69603
 1408.00    0.67127
 1409.00    0.64972
 1410.00    0.63104
 1411.00    0.61496
 1412.00    0.60124
 1413.00    0.58969
 1414.00    0.58016
 1415.00    0.57253
 1416.00    0.56671
 1417.00    0.56264
 1418.00    0.56028
 1419.00    0.55963
 1420.00    0.56069
 1421.00    0.56352
 1422.00    0.56819
 1423.00    0.57481
 1424.00    0.58353
 1425.00    0.59453
 1426.00    0.60807
 1427.00    0.62446
 1428.00    0.64411
 1429.00    0.66752
 1430.00    0.69534
 1431.00    0.72839
 1432.00    0.76772
 1433.00    0.81471
 1434.00    0.87112
 1435.00    0.93927
 1436.00    1.02224
 1437.00    1.12408
 1438.00    1.25016
 1439.00    1.40753
 1440.00    1.60514
 1441.00    1.85369
 1442.00    2.16400
 1443.00    2.54210
 1444.00    2.97813
 1445.00    3.42826
 1446.00    3.80180
 1447.00    3.98536
 1448.00    3.91726
 1449.00    3.64219
 1450.00    3.27268
 1451.00    2.91052
 1452.00    2.61142
 1453.00    2.39296
 1454.00    2.25163
 1455.00    2.17248
 1456.00    2.13125
 1457.00    2.09657
 1458.00    2.04100
 1459.00    1.95695
 1460.00    1.85866
 1461.00    1.76711
 1462.00    1.69686
 1463.00    1.65383
 1464.00    1.63871
 1465.00    1.65035
 1466.00    1.68757
 1467.00    1.75001
 1468.00    1.83842
 1469.00    1.95482
 1470.00    2.10266
 1471.00    2.28705
 1472.00    2.51517
 1473.00    2.79681
 1474.00    3.14517
 1475.00    3.57801
 1476.00    4.11909
 1477.00    4.79992
 1478.00    5.66153
 1479.00    6.75493
 1480.00    8.13732
 1481.00    9.85673
 1482.00   11.91200
 1483.00   14.17426
 1484.00   16.29019
 1485.00   17.68521
 1486.00   17.83478
 1487.00   16.67449
 1488.00   14.65843
 1489.00   12.38388
 1490.00   10.26033
 1491.00    8.45835
 1492.00    6.99898
 1493.00    5.84024
 1494.00    4.92488
 1495.00    4.19979
 1496.00    3.62150
 1497.00    3.15630
 1498.00    2.77859
 1499.00    2.46906
 1500.00    2.21314
 1501.00    1.99979
 1502.00    1.82056
 1503.00    1.66895
 1504.00    1.53990
 1505.00    1.42946
 1506.00    1.33448
 1507.00    1.25248
 1508.00    1.18144
 1509.00    1.11976
 1510.00    1.06610
 1511.00    1.01941
 1512.00    0.97878
 1513.00    0.94349
 1514.00    0.91294
 1515.00    0.88663
 1516.00    0.86415
 1517.00    0.84517
 1518.00    0.82941
 1519.00    0.81666
 1520.00    0.80675
 1521.00    0.79955
 1522.00    0.79500
 1523.00    0.79306
 1524.00    0.79373
 1525.00    0.79707
 1526.00    0.80318
 1527.00    0.81223
 1528.00    0.82445
 1529.00    0.84017
 1530.00    0.85980
 1531.00    0.88391
 1532.00    0.91323
 1533.00    0.94875
 1534.00    0.99175
 1535.00    1.04393
 1536.00    1.10753
 1537.00    1.18549
 1538.00    1.28156
 1539.00    1.40020
 1540.00    1.54605
 1541.00    1.72201
 1542.00    1.92485
 1543.00    2.13795
 1544.00    2.32546
 1545.00    2.44075
 1546.00    2.45604
 1547.00    2.38689
 1548.00    2.27893
 1549.00    2.17528
 1550.00    2.10047
 1551.00    2.06319
 1552.00    2.06410
 1553.00    2.10133
 1554.00    2.17320
 1555.00    2.27932
 1556.00    2.42094
 1557.00    2.60116
 1558.00    2.82513
 1559.00    3.10044
 1560.00    3.43766
 1561.00    3.85114
 1562.00    4.36026
 1563.00    4.99100
 1564.00    5.77805
 1565.00    6.76729
 1566.00    8.01796
 1567.00    9.60252
 1568.00   11.59896
 1569.00   14.06399
 1570.00   16.96742
 1571.00   20.07359
 1572.00   22.81999
 1573.00   24.39034
 1574.00   24.16982
 1575.00   22.25426
 1576.00   19.36329
 1577.00   16.27926
 1578.00   13.48096
 1579.00   11.14177
 1580.00    9.26214
 1581.00    7.77608
 1582.00    6.60543
 1583.00    5.68055
 1584.00    4.94544
 1585.00    4.35699
 1586.00    3.88260
 1587.00    3.49776
 1588.00    3.18404
 1589.00    2.92752
 1590.00    2.71766
 1591.00    2.54641
 1592.00    2.40768
 1593.00    2.29682
 1594.00    2.21035
 1595.00    2.14572
 1596.00    2.10118
 1597.00    2.07564
 1598.00    2.06864
 1599.00    2.08032
 1600.00    2.11147
 1601.00    2.16358
 1602.00    2.23896
 1603.00    2.34091
 1604.00    2.47404
 1605.00    2.64457
 1606.00    2.86093
 1607.00    3.13443
 1608.00    3.48027
 1609.00    3.91865
 1610.00    4.47609
 1611.00    5.18611
 1612.00    6.08775
 1613.00    7.21783
 1614.00    8.58893
 1615.00   10.14262
 1616.00   11.68137
 1617.00   12.83936
 1618.00   13.21497
 1619.00   12.65791
 1620.00   11.40365
 1621.00    9.86911
 1622.00    8.38409
 1623.00    7.10722
 1624.00    6.07453
 1625.00    5.26492
 1626.00    4.64031
 1627.00    4.16322
 1628.00    3.80255
 1629.00    3.53428
 1630.00    3.34053
 1631.00    3.20839
 1632.00    3.12883
 1633.00    3.09583
 1634.00    3.10587
 1635.00    3.15752
 1636.00    3.25127
 1637.00    3.38953
 1638.00    3.57674
 1639.00    3.81971
 1640.00    4.12809
 1641.00    4.51521
 1642.00    4.99912
 1643.00    5.60416
 1644.00    6.36301
 1645.00    7.31925
 1646.00    8.53026
 1647.00   10.06913
 1648.00   12.02258
 1649.00   14.47664
 1650.00   17.47376
 1651.00   20.91732
 1652.00   24.42121
 1653.00   27.21291
 1654.00   28.35879
 1655.00   27.38872
 1656.00   24.70892
 1657.00   21.24191
 1658.00   17.78779
 1659.00   14.76242
 1660.00   12.27972
 1661.00   10.30414
 1662.00    8.75113
 1663.00    7.53342
 1664.00    6.57678
 1665.00    5.82280
 1666.00    5.22707
 1667.00    4.75635
 1668.00    4.38593
 1669.00    4.09757
 1670.00    3.87789
 1671.00    3.71727
 1672.00    3.60903
 1673.00    3.54890
 1674.00    3.53470
 1675.00    3.56615
 1676.00    3.64488
 1677.00    3.77457
 1678.00    3.96119
 1679.00    4.21355
 1680.00    4.54402
 1681.00    4.96958
 1682.00    5.51329
 1683.00    6.20629
 1684.00    7.09018
 1685.00    8.21977
 1686.00    9.66474
 1687.00   11.50704
 1688.00   13.82605
 1689.00   16.65511
 1690.00   19.88704
 1691.00   23.13083
 1692.00   25.63425
 1693.00   26.52998
 1694.00   25.43606
 1695.00   22.79435
 1696.00   19.48236
 1697.00   16.22620
 1698.00   13.38866
 1699.00   11.06043
 1700.00    9.20141
 1701.00    7.73053
 1702.00    6.56604
 1703.00    5.63894
 1704.00    4.89497
 1705.00    4.29278
 1706.00    3.80120
 1707.00    3.39683
 1708.00    3.06204
 1709.00    2.78355
 1710.00    2.55132
 1711.00    2.35783
 1712.00    2.19747
 1713.00    2.06620
 1714.00    1.96136
 1715.00    1.88146
 1716.00    1.82621
 1717.00    1.79657
 1718.00    1.79481
 1719.00    1.82458
 1720.00    1.89074
 1721.00    1.99824
 1722.00    2.14916
 1723.00    2.33591
 1724.00    2.53082
 1725.00    2.67948
 1726.00    2.71668
 1727.00    2.60992
 1728.00    2.38765
 1729.00    2.11374
 1730.00    1.84325
 1731.00    1.60456
 1732.00    1.40522
 1733.00    1.24251
 1734.00    1.11036
 1735.00    1.00254
 1736.00    0.91378
 1737.00    0.83985
 1738.00    0.77756
 1739.00    0.72444
 1740.00    0.67865
 1741.00    0.63876
 1742.00    0.60368
 1743.00    0.57258
 1744.00    0.54478
 1745.00    0.51977
 1746.00    0.49711
 1747.00    0.47648
 1748.00    0.45760
 1749.00    0.44024
 1750.00    0.42421
 1751.00    0.40935
 1752.00    0.39553
 1753.00    0.38263
 1754.00    0.37057
 1755.00    0.35926
 1756.00    0.34862
 1757.00    0.33859
 1758.00    0.32912
 1759.00    0.32017
 1760.00    0.31168
 1761.00    0.30362
 1762.00    0.29596
 1763.00    0.28867
 1764.00    0.28172
 1765.00    0.27508
 1766.00    0.26874
 1767.00    0.26268
 1768.00    0.25687
 1769.00    0.25130
 1770.00    0.24595
 1771.00    0.24082
 1772.00    0.23589
 1773.00    0.23114
 1774.00    0.22658
 1775.00    0.22218
 1776.00    0.21793
 1777.00    0.21384
 1778.00    0.20989
 1779.00    0.20607
 1780.00    0.20238
 1781.00    0.19882
 1782.00    0.19537
 1783.00    0.19203
 1784.00    0.18879
 1785.00    0.18565
 1786.00    0.18261
 1787.00    0.17967
 1788.00    0.17680
 1789.00    0.17403
 1790.00    0.17133
 1791.00    0.16871
 1792.00    0.16616
 1793.00    0.16368
 1794.00    0.16127
 1795.00    0.15893
 1796.00    0.15665
 1797.00    0.15443
 1798.00    0.15226
 1799.00    0.15015
 1800.00    0.14810
 1801.00    0.14609
 1802.00    0.14414
 1803.00    0.14223
 1804.00    0.14037
 1805.00    0.13856
 1806.00    0.13679
 1807.00    0.13506
 1808.00    0.13337
 1809.00    0.13171
 1810.00    0.13010
 1811.00    0.12852
 1812.00    0.12698
 1813.00    0.12547
 1814.00    0.12399
 1815.00    0.12255
 1816.00    0.12114
 1817.00    0.11975
 1818.00    0.11840
 1819.00    0.11707
 1820.00    0.11578
 1821.00    0.11450
 1822.00    0.11326
 1823.00    0.11204
 1824.00    0.11084
 1825.00    0.10966
 1826.00    0.10851
 1827.00    0.10738
 1828.00    0.10628
 1829.00    0.10519
 1830.00    0.10413
 1831.00    0.10308
 1832.00    0.10205
 1833.00    0.10105
 1834.00    0.10006
 1835.00    0.09909
 1836.00    0.09813
 1837.00    0.09720
 1838.00    0.09628
 1839.00    0.09537
 1840.00    0.09448
 1841.00    0.09361
 1842.00    0.09275
 1843.00    0.09191
 1844.00    0.09108
 1845.00    0.09026
 1846.00    0.08946
 1847.00    0.08867
 1848.00    0.08790
 1849.00    0.08713
 1850.00    0.08638
 1851.00    0.08564
 1852.00    0.08492
 1853.00    0.08420
 1854.00    0.08349
 1855.00    0.08280
 1856.00    0.08212
 1857.00    0.08145
 1858.00    0.08078
 1859.00    0.08013
 1860.00    0.07949
 1861.00    0.07885
 1862.00    0.07823
 1863.00    0.07762
 1864.00    0.07701
 1865.00    0.07641
 1866.00    0.07583
 1867.00    0.07525
 1868.00    0.07468
 1869.00    0.07411
 1870.00    0.07356
 1871.00    0.07301
 1872.00    0.07247
 1873.00    0.07194
 1874.00    0.07141
 1875.00    0.07089
 1876.00    0.07038
 1877.00    0.06988
 1878.00    0.06938
 1879.00    0.06889
 1880.00    0.06840
 1881.00    0.06793
 1882.00    0.06745
 1883.00    0.06699
 1884.00    0.06653
 1885.00    0.06607
 1886.00    0.06563
 1887.00    0.06518
 1888.00    0.06475
 1889.00    0.06432
 1890.00    0.06389
 1891.00    0.06347
 1892.00    0.06305
 1893.00    0.06264
 1894.00    0.06224
 1895.00    0.06184
 1896.00    0.06144
 1897.00    0.06105
 1898.00    0.06066
 1899.00    0.06028
 1900.00    0.05990
 1901.00    0.05953
 1902.00    0.05916
 1903.00    0.05880
 1904.00    0.05844
 1905.00    0.05808
 1906.00    0.05773
 1907.00    0.05738
 1908.00    0.05704
 1909.00    0.05670
 1910.00    0.05636
 1911.00    0.05603
 1912.00    0.05570
 1913.00    0.05538
 1914.00    0.05505
 1915.00    0.05474
 1916.00    0.05442
 1917.00    0.05411
 1918.00    0.05380
 1919.00    0.05350
 1920.00    0.05320
 1921.00    0.05290
 1922.00    0.05260
 1923.00    0.05231
 1924.00    0.05202
 1925.00    0.05173
 1926.00    0.05145
 1927.00    0.05117
 1928.00    0.05089
 1929.00    0.05062
 1930.00    0.05035
 1931.00    0.05008
 1932.00    0.04981
 1933.00    0.04955
 1934.00    0.04929
 1935.00    0.04903
 1936.00    0.04877
 1937.00    0.04852
 1938.00    0.04827
 1939.00    0.04802
 1940.00    0.04777
 1941.00    0.04753
 1942.00    0.04729
 1943.00    0.04705
 1944.00    0.04681
 1945.00    0.04658
 1946.00    0.04635
 1947.00    0.04612
 1948.00    0.04589
 1949.00    0.04566
 1950.00    0.04544
 1951.00    0.04522
 1952.00    0.04500
 1953.00    0.04478
 1954.00    0.04456
 1955.00    0.04435
 1956.00    0.04414
 1957.00    0.04393
 1958.00    0.04372
 1959.00    0.04351
 1960.00    0.04331
 1961.00    0.04310
 1962.00    0.04290
 1963.00    0.04270
 1964.00    0.04251
 1965.00    0.04231
 1966.00    0.04212
 1967.00    0.04193
 1968.00    0.04173
 1969.00    0.04155
 1970.00    0.04136
 1971.00    0.04117
 1972.00    0.04099
 1973.00    0.04081
 1974.00    0.04062
 1975.00    0.04044
 1976.00    0.04027
 1977.00    0.04009
 1978.00    0.03991
 1979.00    0.03974
 1980.00    0.03957
 1981.00    0.03940
 1982.00    0.03923
 1983.00    0.03906
 1984.00    0.03889
 1985.00    0.03873
 1986.00    0.03856
 1987.00    0.03840
 1988.00    0.03824
 1989.00    0.03808
 1990.00    0.03792
 1991.00    0.03776
 1992.00    0.03760
 1993.00    0.03745
 1994.00    0.03729
 1995.00    0.03714
 1996.00    0.03699
 1997.00    0.03684
 1998.00    0.03669
 1999.00    0.03654
 2000.00    0.03639
 2001.00    0.03625
 2002.00    0.03610
 2003.00    0.03596
 2004.00    0.03581
 2005.00    0.03567
 2006.00    0.03553
 2007.00    0.03539
 2008.00    0.03525
 2009.00    0.03512
 2010.00    0.03498
 2011.00    0.03484
 2012.00    0.03471
 2013.00    0.03457
 2014.00    0.03444
 2015.00    0.03431
 2016.00    0.03418
 2017.00    0.03405
 2018.00    0.03392
 2019.00    0.03379
 2020.00    0.03366
 2021.00    0.03354
 2022.00    0.03341
 2023.00    0.03329
 2024.00    0.03316
 2025.00    0.03304
 2026.00    0.03292
 2027.00    0.03280
 2028.00    0.03268
 2029.00    0.03256
 2030.00    0.03244
 2031.00    0.03232
 2032.00    0.03220
 2033.00    0.03209
 2034.00    0.03197
 2035.00    0.03186
 2036.00    0.03174
 2037.00    0.03163
 2038.00    0.03152
 2039.00    0.03141
 2040.00    0.03130
 2041.00    0.03119
 2042.00    0.03108
 2043.00    0.03097
 2044.00    0.03086
 2045.00    0.03075
 2046.00    0.03065
 2047.00    0.03054
 2048.00    0.03043
 2049.00    0.03033
 2050.00    0.03023
 2051.00    0.03012
 2052.00    0.03002
 2053.00    0.02992
 2054.00    0.02982
 2055.00    0.02972
 2056.00    0.02962
 2057.00    0.02952
 2058.00    0.02942
 2059.00    0.02932
 2060.00    0.02922
 2061.00    0.02912
 2062.00    0.02903
 2063.00    0.02893
 2064.00    0.02884
 2065.00    0.02874
 2066.00    0.02865
 2067.00    0.02856
 2068.00    0.02846
 2069.00    0.02837
 2070.00    0.02828
 2071.00    0.02819
 2072.00    0.02810
 2073.00    0.02801
 2074.00    0.02792
 2075.00    0.02783
 2076.00    0.02774
 2077.00    0.02765
 2078.00    0.02756
 2079.00    0.02748
 2080.00    0.02739
 2081.00    0.02730
 2082.00    0.02722
 2083.00    0.02713
 2084.00    0.02705
 2085.00    0.02697
 2086.00    0.02688
 2087.00    0.02680
 2088.00    0.02672
 2089.00    0.02663
 2090.00    0.02655
 2091.00    0.02647
 2092.00    0.02639
 2093.00    0.02631
 2094.00    0.02623
 2095.00    0.02615
 2096.00    0.02607
 2097.00    0.02599
 2098.00    0.02592
 2099.00    0.02584
 2100.00    0.02576
 2101.00    0.02568
 2102.00    0.02561
 2103.00    0.02553
 2104.00    0.02546
 2105.00    0.02538
 2106.00    0.02531
 2107.00    0.02523
 2108.00    0.02516
 2109.00    0.02509
 2110.00    0.02501
 2111.00    0.02494
 2112.00    0.02487
 2113.00    0.02480
 2114.00    0.02473
 2115.00    0.02465
 2116.00    0.02458
 2117.00    0.02451
 2118.00    0.02444
 2119.00    0.02437
 2120.00    0.02430
 2121.00    0.02424
 2122.00    0.02417
 2123.00    0.02410
 2124.00    0.02403
 2125.00    0.02396
 2126.00    0.02390
 2127.00    0.02383
 2128.00    0.02376
 2129.00    0.02370
 2130.00    0.02363
 2131.00    0.02357
 2132.00    0.02350
 2133.00    0.02344
 2134.00    0.02337
 2135.00    0.02331
 2136.00    0.02325
 2137.00    0.02318
 2138.00    0.02312
 2139.00    0.02306
 2140.00    0.02299
 2141.00    0.02293
 2142.00    0.02287
 2143.00    0.02281
 2144.00    0.02275
 2145.00    0.02269
 2146.00    0.02263
 2147.00    0.02257
 2148.00    0.02251
 2149.00    0.02245
 2150.00    0.02239
 2151.00    0.02233
 2152.00    0.02227
 2153.00    0.02221
 2154.00    0.02215
 2155.00    0.02209
 2156.00    0.02204
 2157.00    0.02198
 2158.00    0.02192
 2159.00    0.02187
 2160.00    0.02181
 2161.00    0.02175
 2162.00    0.02170
 2163.00    0.02164
 2164.00    0.02159
 2165.00    0.02153
 2166.00    0.02148
 2167.00    0.02142
 2168.00    0.02137
 2169.00    0.02131
 2170.00    0.02126
 2171.00    0.02120
 2172.00    0.02115
 2173.00    0.02110
 2174.00    0.02104
 2175.00    0.02099
 2176.00    0.02094
 2177.00    0.02089
 2178.00    0.02084
 2179.00    0.02078
 2180.00    0.02073
 2181.00    0.02068
 2182.00    0.02063
 2183.00    0.02058
 2184.00    0.02053
 2185.00    0.02048
 2186.00    0.02043
 2187.00    0.02038
 2188.00    0.02033
 2189.00    0.02028
 2190.00    0.02023
 2191.00    0.02018
 2192.00    0.02013
 2193.00    0.02008
 2194.00    0.02004
 2195.00    0.01999
 2196.00    0.01994
 2197.00    0.01989
 2198.00    0.01985
 2199.00    0.01980
 2200.00    0.01975
 2201.00    0.01970
 2202.00    0.01966
 2203.00    0.01961
 2204.00    0.01957
 2205.00    0.01952
 2206.00    0.01947
 2207.00    0.01943
 2208.00    0.01938
 2209.00    0.01934
 2210.00    0.01929
 2211.00    0.01925
 2212.00    0.01920
 2213.00    0.01916
 2214.00    0.01911
 2215.00    0.01907
 2216.00    0.01903
 2217.00    0.01898
 2218.00    0.01894
 2219.00    0.01890
 2220.00    0.01885
 2221.00    0.01881
 2222.00    0.01877
 2223.00    0.01872
 2224.00    0.01868
 2225.00    0.01864
 2226.00    0.01860
 2227.00    0.01856
 2228.00    0.01851
 2229.00    0.01847
 2230.00    0.01843
 2231.00    0.01839
 2232.00    0.01835
 2233.00    0.01831
 2234.00    0.01827
 2235.00    0.01823
 2236.00    0.01819
 2237.00    0.01815
 2238.00    0.01811
 2239.00    0.01807
 2240.00    0.01803
 2241.00    0.01799
 2242.00    0.01795
 2243.00    0.01791
 2244.00    0.01787
 2245.00    0.01783
 2246.00    0.01779
 2247.00    0.01776
 2248.00    0.01772
 2249.00    0.01768
 2250.00    0.01764
 2251.00    0.01760
 2252.00    0.01757
 2253.00    0.01753
 2254.00    0.01749
 2255.00    0.01745
 2256.00    0.01742
 2257.00    0.01738
 2258.00    0.01734
 2259.00    0.01731
 2260.00    0.01727
 2261.00    0.01723
 2262.00    0.01720
 2263.00    0.01716
 2264.00    0.01712
 2265.00    0.01709
 2266.00    0.01705
 2267.00    0.01702
 2268.00    0.01698
 2269.00    0.01695
 2270.00    0.01691
 2271.00    0.01688
 2272.00    0.01684
 2273.00    0.01681
 2274.00    0.01677
 2275.00    0.01674
 2276.00    0.01670
 2277.00    0.01667
 2278.00    0.01664
 2279.00    0.01660
 2280.00    0.01657
 2281.00    0.01653
 2282.00    0.01650
 2283.00    0.01647
 2284.00    0.01643
 2285.00    0.01640
 2286.00    0.01637
 2287.00    0.01633
 2288.00    0.01630
 2289.00    0.01627
 2290.00    0.01624
 2291.00    0.01620
 2292.00    0.01617
 2293.00    0.01614
 2294.00    0.01611
 2295.00    0.01608
 2296.00    0.01604
 2297.00    0.01601
 2298.00    0.01598
 2299.00    0.01595
 2300.00    0.01592
 2301.00    0.01589
 2302.00    0.01586
 2303.00    0.01583
 2304.00    0.01579
 2305.00    0.01576
 2306.00    0.01573
 2307.00    0.01570
 2308.00    0.01567
 2309.00    0.01564
 2310.00    0.01561
 2311.00    0.01558
 2312.00    0.01555
 2313.00    0.01552
 2314.00    0.01549
 2315.00    0.01546
 2316.00    0.01543
 2317.00    0.01540
 2318.00    0.01537
 2319.00    0.01535
 2320.00    0.01532
 2321.00    0.01529
 2322.00    0.01526
 2323.00    0.01523
 2324.00    0.01520
 2325.00    0.01517
 2326.00    0.01514
 2327.00    0.01512
 2328.00    0.01509
 2329.00    0.01506
 2330.00    0.01503
 2331.00    0.01500
 2332.00    0.01498
 2333.00    0.01495
 2334.00    0.01492
 2335.00    0.01489
 2336.00    0.01487
 2337.00    0.01484
 2338.00    0.01481
 2339.00    0.01478
 2340.00    0.01476
 2341.00    0.01473
 2342.00    0.01470
 2343.00    0.01468
 2344.00    0.01465
 2345.00    0.01462
 2346.00    0.01460
 2347.00    0.01457
 2348.00    0.01454
 2349.00    0.01452
 2350.00    0.01449
 2351.00    0.01447
 2352.00    0.01444
 2353.00    0.01441
 2354.00    0.01439
 2355.00    0.01436
 2356.00    0.01434
 2357.00    0.01431
 2358.00    0.01429
 2359.00    0.01426
 2360.00    0.01424
 2361.00    0.01421
 2362.00    0.01419
 2363.00    0.01416
 2364.00    0.01414
 2365.00    0.01411
 2366.00    0.01409
 2367.00    0.01406
 2368.00    0.01404
 2369.00    0.01401
 2370.00    0.01399
 2371.00    0.01396
 2372.00    0.01394
 2373.00    0.01392
 2374.00    0.01389
 2375.00    0.01387
 2376.00    0.01384
 2377.00    0.01382
 2378.00    0.01380
 2379.00    0.01377
 2380.00    0.01375
 2381.00    0.01373
 2382.00    0.01370
 2383.00    0.01368
 2384.00    0.01366
 2385.00    0.01363
 2386.00    0.01361
 2387.00    0.01359
 2388.00    0.01357
 2389.00    0.01354
 2390.00    0.01352
 2391.00    0.01350
 2392.00    0.01347
 2393.00    0.01345
 2394.00    0.01343
 2395.00    0.01341
 2396.00    0.01338
 2397.00    0.01336
 2398.00    0.01334
 2399.00    0.01332
 2400.00    0.01330
 2401.00    0.01327
 2402.00    0.01325
 2403.00    0.01323
 2404.00    0.01321
 2405.00    0.01319
 2406.00    0.01317
 2407.00    0.01315
 2408.00    0.01312
 2409.00    0.01310
 2410.00    0.01308
 2411.00    0.01306
 2412.00    0.01304
 2413.00    0.01302
 2414.00    0.01300
 2415.00    0.01298
 2416.00    0.01296
 2417.00    0.01293
 2418.00    0.01291
 2419.00    0.01289
 2420.00    0.01287
 2421.00    0.01285
 2422.00    0.01283
 2423.00    0.01281
 2424.00    0.01279
 2425.00    0.01277
 2426.00    0.01275
 2427.00    0.01273
 2428.00    0.01271
 2429.00    0.01269
 2430.00    0.01267
 2431.00    0.01265
 2432.00    0.01263
 2433.00    0.01261
 2434.00    0.01259
 2435.00    0.01257
 2436.00    0.01255
 2437.00    0.01253
 2438.00    0.01252
 2439.00    0.01250
 2440.00    0.01248
 2441.00    0.01246
 2442.00    0.01244
 2443.00    0.01242
 2444.00    0.01240
 2445.00    0.01238
 2446.00    0.01236
 2447.00    0.01234
 2448.00    0.01233
 2449.00    0.01231
 2450.00    0.01229
 2451.00    0.01227
 2452.00    0.01225
 2453.00    0.01223
 2454.00    0.01221
 2455.00    0.01220
 2456.00    0.01218
 2457.00    0.01216
 2458.00    0.01214
 2459.00    0.01212
 2460.00    0.01211
 2461.00    0.01209
 2462.00    0.01207
 2463.00    0.01205
 2464.00    0.01203
 2465.00    0.01202
 2466.00    0.01200
 2467.00    0.01198
 2468.00    0.01196
 2469.00    0.01195
 2470.00    0.01193
 2471.00    0.01191
 2472.00    0.01189
 2473.00    0.01188
 2474.00    0.01186
 2475.00    0.01184
 2476.00    0.01183
 2477.00    0.01181
 2478.00    0.01179
 2479.00    0.01178
 2480.00    0.01176
 2481.00    0.01174
 2482.00    0.01173
 2483.00    0.01171
 2484.00    0.01169
 2485.00    0.01168
 2486.00    0.01166
 2487.00    0.01164
 2488.00    0.01163
 2489.00    0.01161
 2490.00    0.01159
 2491.00    0.01158
 2492.00    0.01156
 2493.00    0.01155
 2494.00    0.01153
 2495.00    0.01151
 2496.00    0.01150
 2497.00    0.01148
 2498.00    0.01147
 2499.00    0.01145
 2500.00    0.01143
 2501.00    0.01142
 2502.00    0.01140
 2503.00    0.01139
 2504.00    0.01137
 2505.00    0.01136
 2506.00    0.01134
 2507.00    0.01133
 2508.00    0.01131
 2509.00    0.01129
 2510.00    0.01128
 2511.00    0.01126
 2512.00    0.01125
 2513.00    0.01123
 2514.00    0.01122
 2515.00    0.01120
 2516.00    0.01119
 2517.00    0.01117
 2518.00    0.01116
 2519.00    0.01114
 2520.00    0.01113
 2521.00    0.01111
 2522.00    0.01110
 2523.00    0.01109
 2524.00    0.01107
 2525.00    0.01106
 2526.00    0.01104
 2527.00    0.01103
 2528.00    0.01101
 2529.00    0.01100
 2530.00    0.01099
 2531.00    0.01097
 2532.00    0.01096
 2533.00    0.01094
 2534.00    0.01093
 2535.00    0.01091
 2536.00    0.01090
 2537.00    0.01089
 2538.00    0.01087
 2539.00    0.01086
 2540.00    0.01085
 2541.00    0.01083
 2542.00    0.01082
 2543.00    0.01080
 2544.00    0.01079
 2545.00    0.01078
 2546.00    0.01076
 2547.00    0.01075
 2548.00    0.01074
 2549.00    0.01072
 2550.00    0.01071
 2551.00    0.01070
 2552.00    0.01068
 2553.00    0.01067
 2554.00    0.01066
 2555.00    0.01064
 2556.00    0.01063
 2557.00    0.01062
 2558.00    0.01061
 2559.00    0.01059
 2560.00    0.01058
 2561.00    0.01057
 2562.00    0.01055
 2563.00    0.01054
 2564.00    0.01053
 2565.00    0.01052
 2566.00    0.01050
 2567.00    0.01049
 2568.00    0.01048
 2569.00    0.01047
 2570.00    0.01045
 2571.00    0.01044
 2572.00    0.01043
 2573.00    0.01042
 2574.00    0.01040
 2575.00    0.01039
 2576.00    0.01038
 2577.00    0.01037
 2578.00    0.01036
 2579.00    0.01034
 2580.00    0.01033
 2581.00    0.01032
 2582.00    0.01031
 2583.00    0.01030
 2584.00    0.01028
 2585.00    0.01027
 2586.00    0.01026
 2587.00    0.01025
 2588.00    0.01024
 2589.00    0.01023
 2590.00    0.01021
 2591.00    0.01020
 2592.00    0.01019
 2593.00    0.01018
 2594.00    0.01017
 2595.00    0.01016
 2596.00    0.01015
 2597.00    0.01013
 2598.00    0.01012
 2599.00    0.01011
 2600.00    0.01010
 2601.00    0.01009
 2602.00    0.01008
 2603.00    0.01007
 2604.00    0.01006
 2605.00    0.01005
 2606.00    0.01003
 2607.00    0.01002
 2608.00    0.01001
 2609.00    0.01000
 2610.00    0.00999
 2611.00    0.00998
 2612.00    0.00997
 2613.00    0.00996
 2614.00    0.00995
 2615.00    0.00994
 2616.00    0.00993
 2617.00    0.00992
 2618.00    0.00991
 2619.00    0.00990
 2620.00    0.00989
 2621.00    0.00988
 2622.00    0.00987
 2623.00    0.00985
 2624.00    0.00984
 2625.00    0.00983
 2626.00    0.00982
 2627.00    0.00981
 2628.00    0.00980
 2629.00    0.00979
 2630.00    0.00978
 2631.00    0.00977
 2632.00    0.00976
 2633.00    0.00975
 2634.00    0.00975
 2635.00    0.00974
 2636.00    0.00973
 2637.00    0.00972
 2638.00    0.00971
 2639.00    0.00970
 2640.00    0.00969
 2641.00    0.00968
 2642.00    0.00967
 2643.00    0.00966
 2644.00    0.00965
 2645.00    0.00964
 2646.00    0.00963
 2647.00    0.00962
 2648.00    0.00961
 2649.00    0.00960
 2650.00    0.00959
 2651.00    0.00958
 2652.00    0.00958
 2653.00    0.00957
 2654.00    0.00956
 2655.00    0.00955
 2656.00    0.00954
 2657.00    0.00953
 2658.00    0.00952
 2659.00    0.00951
 2660.00    0.00950
 2661.00    0.00950
 2662.00    0.00949
 2663.00    0.00948
 2664.00    0.00947
 2665.00    0.00946
 2666.00    0.00945
 2667.00    0.00944
 2668.00    0.00944
 2669.00    0.00943
 2670.00    0.00942
 2671.00    0.00941
 2672.00    0.00940
 2673.00    0.00939
 2674.00    0.00939
 2675.00    0.00938
 2676.00    0.00937
 2677.00    0.00936
 2678.00    0.00935
 2679.00    0.00935
 2680.00    0.00934
 2681.00    0.00933
 2682.00    0.00932
 2683.00    0.00931
 2684.00    0.00931
 2685.00    0.00930
 2686.00    0.00929
 2687.00    0.00928
 2688.00    0.00928
 2689.00    0.00927
 2690.00    0.00926
 2691.00    0.00925
 2692.00    0.00924
 2693.00    0.00924
 2694.00    0.00923
 2695.00    0.00922
 2696.00    0.00922
 2697.00    0.00921
 2698.00    0.00920
 2699.00    0.00919
 2700.00    0.00919
 2701.00    0.00918
 2702.00    0.00917
 2703.00    0.00916
 2704.00    0.00916
 2705.00    0.00915
 2706.00    0.00914
 2707.00    0.00914
 2708.00    0.00913
 2709.00    0.00912
 2710.00    0.00912
 2711.00    0.00911
 2712.00    0.00910
 2713.00    0.00910
 2714.00    0.00909
 2715.00    0.00908
 2716.00    0.00908
 2717.00    0.00907
 2718.00    0.00906
 2719.00    0.00906
 2720.00    0.00905
 2721.00    0.00904
 2722.00    0.00904
 2723.00    0.00903
 2724.00    0.00903
 2725.00    0.00902
 2726.00    0.00901
 2727.00    0.00901
 2728.00    0.00900
 2729.00    0.00900
 2730.00    0.00899
 2731.00    0.00898
 2732.00    0.00898
 2733.00    0.00897
 2734.00    0.00897
 2735.00    0.00896
 2736.00    0.00895
 2737.00    0.00895
 2738.00    0.00894
 2739.00    0.00894
 2740.00    0.00893
 2741.00    0.00893
 2742.00    0.00892
 2743.00    0.00892
 2744.00    0.00891
 2745.00    0.00890
 2746.00    0.00890
 2747.00    0.00889
 2748.00    0.00889
 2749.00    0.00888
 2750.00    0.00888
 2751.00    0.00887
 2752.00    0.00887
 2753.00    0.00886
 2754.00    0.00886
 2755.00    0.00885
 2756.00    0.00885
 2757.00    0.00884
 2758.00    0.00884
 2759.00    0.00883
 2760.00    0.00883
 2761.00    0.00882
 2762.00    0.00882
 2763.00    0.00882
 2764.00    0.00881
 2765.00    0.00881
 2766.00    0.00880
 2767.00    0.00880
 2768.00    0.00879
 2769.00    0.00879
 2770.00    0.00878
 2771.00    0.00878
 2772.00    0.00878
 2773.00    0.00877
 2774.00    0.00877
 2775.00    0.00876
 2776.00    0.00876
 2777.00    0.00876
 2778.00    0.00875
 2779.00    0.00875
 2780.00    0.00874
 2781.00    0.00874
 2782.00    0.00874
 2783.00    0.00873
 2784.00    0.00873
 2785.00    0.00873
 2786.00    0.00872
 2787.00    0.00872
 2788.00    0.00872
 2789.00    0.00871
 2790.00    0.00871
 2791.00    0.00871
 2792.00    0.00870
 2793.00    0.00870
 2794.00    0.00870
 2795.00    0.00869
 2796.00    0.00869
 2797.00    0.00869
 2798.00    0.00868
 2799.00    0.00868
 2800.00    0.00868
 2801.00    0.00868
 2802.00    0.00867
 2803.00    0.00867
 2804.00    0.00867
 2805.00    0.00867
 2806.00    0.00866
 2807.00    0.00866
 2808.00    0.00866
 2809.00    0.00866
 2810.00    0.00865
 2811.00    0.00865
 2812.00    0.00865
 2813.00    0.00865
 2814.00    0.00865
 2815.00    0.00864
 2816.00    0.00864
 2817.00    0.00864
 2818.00    0.00864
 2819.00    0.00864
 2820.00    0.00863
 2821.00    0.00863
 2822.00    0.00863
 2823.00    0.00863
 2824.00    0.00863
 2825.00    0.00863
 2826.00    0.00863
 2827.00    0.00862
 2828.00    0.00862
 2829.00    0.00862
 2830.00    0.00862
 2831.00    0.00862
 2832.00    0.00862
 2833.00    0.00862
 2834.00    0.00862
 2835.00    0.00862
 2836.00    0.00862
 2837.00    0.00861
 2838.00    0.00861
 2839.00    0.00861
 2840.00    0.00861
 2841.00    0.00861
 2842.00    0.00861
 2843.00    0.00861
 2844.00    0.00861
 2845.00    0.00861
 2846.00    0.00861
 2847.00    0.00861
 2848.00    0.00861
 2849.00    0.00861
 2850.00    0.00861
 2851.00    0.00861
 2852.00    0.00861
 2853.00    0.00861
 2854.00    0.00861
 2855.00    0.00861
 2856.00    0.00861
 2857.00    0.00862
 2858.00    0.00862
 2859.00    0.00862
 2860.00    0.00862
 2861.00    0.00862
 2862.00    0.00862
 2863.00    0.00862
 2864.00    0.00862
 2865.00    0.00862
 2866.00    0.00863
 2867.00    0.00863
 2868.00    0.00863
 2869.00    0.00863
 2870.00    0.00863
 2871.00    0.00863
 2872.00    0.00864
 2873.00    0.00864
 2874.00    0.00864
 2875.00    0.00864
 2876.00    0.00864
 2877.00    0.00865
 2878.00    0.00865
 2879.00    0.00865
 2880.00    0.00865
 2881.00    0.00866
 2882.00    0.00866
 2883.00    0.00866
 2884.00    0.00866
 2885.00    0.00867
 2886.00    0.00867
 2887.00    0.00867
 2888.00    0.00868
 2889.00    0.00868
 2890.00    0.00868
 2891.00    0.00869
 2892.00    0.00869
 2893.00    0.00870
 2894.00    0.00870
 2895.00    0.00870
 2896.00    0.00871
 2897.00    0.00871
 2898.00    0.00872
 2899.00    0.00872
 2900.00    0.00873
 2901.00    0.00873
 2902.00    0.00874
 2903.00    0.00874
 2904.00    0.00875
 2905.00    0.00875
 2906.00    0.00876
 2907.00    0.00876
 2908.00    0.00877
 2909.00    0.00877
 2910.00    0.00878
 2911.00    0.00878
 2912.00    0.00879
 2913.00    0.00880
 2914.00    0.00880
 2915.00    0.00881
 2916.00    0.00882
 2917.00    0.00882
 2918.00    0.00883
 2919.00    0.00884
 2920.00    0.00884
 2921.00    0.00885
 2922.00    0.00886
 2923.00    0.00886
 2924.00    0.00887
 2925.00    0.00888
 2926.00    0.00889
 2927.00    0.00890
 2928.00    0.00890
 2929.00    0.00891
 2930.00    0.00892
 2931.00    0.00893
 2932.00    0.00894
 2933.00    0.00895
 2934.00    0.00896
 2935.00    0.00897
 2936.00    0.00898
 2937.00    0.00899
 2938.00    0.00900
 2939.00    0.00901
 2940.00    0.00902
 2941.00    0.00903
 2942.00    0.00904
 2943.00    0.00905
 2944.00    0.00906
 2945.00    0.00907
 2946.00    0.00908
 2947.00    0.00909
 2948.00    0.00910
 2949.00    0.00912
 2950.00    0.00913
 2951.00    0.00914
 2952.00    0.00915
 2953.00    0.00917
 2954.00    0.00918
 2955.00    0.00919
 2956.00    0.00921
 2957.00    0.00922
 2958.00    0.00923
 2959.00    0.00925
 2960.00    0.00926
 2961.00    0.00928
 2962.00    0.00929
 2963.00    0.00931
 2964.00    0.00932
 2965.00    0.00934
 2966.00    0.00935
 2967.00    0.00937
 2968.00    0.00938
 2969.00    0.00940
 2970.00    0.00942
 2971.00    0.00944
 2972.00    0.00945
 2973.00    0.00947
 2974.00    0.00949
 2975.00    0.00951
 2976.00    0.00953
 2977.00    0.00955
 2978.00    0.00956
 2979.00    0.00958
 2980.00    0.00960
 2981.00    0.00962
 2982.00    0.00965
 2983.00    0.00967
 2984.00    0.00969
 2985.00    0.00971
 2986.00    0.00973
 2987.00    0.00975
 2988.00    0.00978
 2989.00    0.00980
 2990.00    0.00982
 2991.00    0.00985
 2992.00    0.00987
 2993.00    0.00990
 2994.00    0.00992
 2995.00    0.00995
 2996.00    0.00998
 2997.00    0.01000
 2998.00    0.01003
 2999.00    0.01006
 3000.00    0.01009
 3001.00    0.01011
 3002.00    0.01014
 3003.00    0.01017
 3004.00    0.01020
 3005.00    0.01023
 3006.00    0.01026
 3007.00    0.01030
 3008.00    0.01033
 3009.00    0.01036
 3010.00    0.01040
 3011.00    0.01043
 3012.00    0.01046
 3013.00    0.01050
 3014.00    0.01054
 3015.00    0.01057
 3016.00    0.01061
 3017.00    0.01065
 3018.00    0.01069
 3019.00    0.01073
 3020.00    0.01077
 3021.00    0.01081
 3022.00    0.01085
 3023.00    0.01089
 3024.00    0.01094
 3025.00    0.01098
 3026.00    0.01103
 3027.00    0.01107
 3028.00    0.01112
 3029.00    0.01117
 3030.00    0.01122
 3031.00    0.01127
 3032.00    0.01132
 3033.00    0.01137
 3034.00    0.01142
 3035.00    0.01148
 3036.00    0.01153
 3037.00    0.01159
 3038.00    0.01165
 3039.00    0.01170
 3040.00    0.01176
 3041.00    0.01182
 3042.00    0.01189
 3043.00    0.01195
 3044.00    0.01202
 3045.00    0.01208
 3046.00    0.01215
 3047.00    0.01222
 3048.00    0.01229
 3049.00    0.01236
 3050.00    0.01244
 3051.00    0.01252
 3052.00    0.01259
 3053.00    0.01267
 3054.00    0.01275
 3055.00    0.01284
 3056.00    0.01292
 3057.00    0.01301
 3058.00    0.01310
 3059.00    0.01319
 3060.00    0.01329
 3061.00    0.01338
 3062.00    0.01348
 3063.00    0.01358
 3064.00    0.01368
 3065.00    0.01379
 3066.00    0.01390
 3067.00    0.01401
 3068.00    0.01413
 3069.00    0.01424
 3070.00    0.01436
 3071.00    0.01449
 3072.00    0.01462
 3073.00    0.01475
 3074.00    0.01488
 3075.00    0.01502
 3076.00    0.01516
 3077.00    0.01531
 3078.00    0.01546
 3079.00    0.01561
 3080.00    0.01577
 3081.00    0.01594
 3082.00    0.01611
 3083.00    0.01628
 3084.00    0.01646
 3085.00    0.01664
 3086.00    0.01683
 3087.00    0.01703
 3088.00    0.01723
 3089.00    0.01744
 3090.00    0.01766
 3091.00    0.01788
 3092.00    0.01811
 3093.00    0.01835
 3094.00    0.01860
 3095.00    0.01886
 3096.00    0.01912
 3097.00    0.01939
 3098.00    0.01968
 3099.00    0.01997
 3100.00    0.02028
 3101.00    0.02059
 3102.00    0.02092
 3103.00    0.02126
 3104.00    0.02162
 3105.00    0.02199
 3106.00    0.02237
 3107.00    0.02277
 3108.00    0.02318
 3109.00    0.02362
 3110.00    0.02407
 3111.00    0.02454
 3112.00    0.02503
 3113.00    0.02554
 3114.00    0.02608
 3115.00    0.02664
 3116.00    0.02723
 3117.00    0.02785
 3118.00    0.02849
 3119.00    0.02917
 3120.00    0.02988
 3121.00    0.03063
 3122.00    0.03142
 3123.00    0.03224
 3124.00    0.03312
 3125.00    0.03404
 3126.00    0.03501
 3127.00    0.03604
 3128.00    0.03713
 3129.00    0.03828
 3130.00    0.03950
 3131.00    0.04080
 3132.00    0.04218
 3133.00    0.04365
 3134.00    0.04522
 3135.00    0.04690
 3136.00    0.04869
 3137.00    0.05061
 3138.00    0.05267
 3139.00    0.05488
 3140.00    0.05726
 3141.00    0.05983
 3142.00    0.06261
 3143.00    0.06562
 3144.00    0.06889
 3145.00    0.07245
 3146.00    0.07633
 3147.00    0.08058
 3148.00    0.08523
 3149.00    0.09036
 3150.00    0.09601
 3151.00    0.10227
 3152.00    0.10922
 3153.00    0.11698
 3154.00    0.12566
 3155.00    0.13543
 3156.00    0.14646
 3157.00    0.15899
 3158.00    0.17328
 3159.00    0.18969
 3160.00    0.20864
 3161.00    0.23067
 3162.00    0.25646
 3163.00    0.28689
 3164.00    0.32309
 3165.00    0.36654
 3166.00    0.41916
 3167.00    0.48352
 3168.00    0.56300
 3169.00    0.66208
 3170.00    0.78657
 3171.00    0.94377
 3172.00    1.14201
 3173.00    1.38883
 3174.00    1.68601
 3175.00    2.01965
 3176.00    2.34729
 3177.00    2.59467
 3178.00    2.68238
 3179.00    2.57702
 3180.00    2.31807
 3181.00    1.98738
 3182.00    1.65731
 3183.00    1.36692
 3184.00    1.12763
 3185.00    0.93651
 3186.00    0.78568
 3187.00    0.66689
 3188.00    0.57305
 3189.00    0.49854
 3190.00    0.43910
 3191.00    0.39154
 3192.00    0.35349
 3193.00    0.32323
 3194.00    0.29951
 3195.00    0.28148
 3196.00    0.26860
 3197.00    0.26062
 3198.00    0.25757
 3199.00    0.25976
 3200.00    0.26780
 3201.00    0.28257
 3202.00    0.30515
 3203.00    0.33641
 3204.00    0.37605
 3205.00    0.42085
 3206.00    0.46249
 3207.00    0.48798
 3208.00    0.48611
 3209.00    0.45637
 3210.00    0.40943
 3211.00    0.35853
 3212.00    0.31249
 3213.00    0.27500
 3214.00    0.24665
 3215.00    0.22679
 3216.00    0.21455
 3217.00    0.20906
 3218.00    0.20924
 3219.00    0.21326
 3220.00    0.21778
 3221.00    0.21816
 3222.00    0.21065
 3223.00    0.19513
 3224.00    0.17496
 3225.00    0.15416
 3226.00    0.13526
 3227.00    0.11918
 3228.00    0.10590
 3229.00    0.09505
 3230.00    0.08615
 3231.00    0.07881
 3232.00    0.07269
 3233.00    0.06754
 3234.00    0.06315
 3235.00    0.05937
 3236.00    0.05609
 3237.00    0.05322
 3238.00    0.05068
 3239.00    0.04843
 3240.00    0.04641
 3241.00    0.04460
 3242.00    0.04296
 3243.00    0.04148
 3244.00    0.04012
 3245.00    0.03888
 3246.00    0.03774
 3247.00    0.03669
 3248.00    0.03572
 3249.00    0.03482
 3250.00    0.03399
 3251.00    0.03322
 3252.00    0.03250
 3253.00    0.03183
 3254.00    0.03120
 3255.00    0.03061
 3256.00    0.03006
 3257.00    0.02955
 3258.00    0.02906
 3259.00    0.02861
 3260.00    0.02818
 3261.00    0.02778
 3262.00    0.02740
 3263.00    0.02705
 3264.00    0.02671
 3265.00    0.02640
 3266.00    0.02610
 3267.00    0.02582
 3268.00    0.02556
 3269.00    0.02532
 3270.00    0.02508
 3271.00    0.02487
 3272.00    0.02466
 3273.00    0.02447
 3274.00    0.02429
 3275.00    0.02412
 3276.00    0.02397
 3277.00    0.02382
 3278.00    0.02368
 3279.00    0.02356
 3280.00    0.02344
 3281.00    0.02333
 3282.00    0.02324
 3283.00    0.02315
 3284.00    0.02306
 3285.00    0.02299
 3286.00    0.02293
 3287.00    0.02287
 3288.00    0.02282
 3289.00    0.02278
 3290.00    0.02274
 3291.00    0.02271
 3292.00    0.02269
 3293.00    0.02268
 3294.00    0.02267
 3295.00    0.02267
 3296.00    0.02268
 3297.00    0.02269
 3298.00    0.02271
 3299.00    0.02274
 3300.00    0.02277
 3301.00    0.02281
 3302.00    0.02286
 3303.00    0.02291
 3304.00    0.02297
 3305.00    0.02304
 3306.00    0.02311
 3307.00    0.02319
 3308.00    0.02328
 3309.00    0.02338
 3310.00    0.02348
 3311.00    0.02359
 3312.00    0.02371
 3313.00    0.02383
 3314.00    0.02397
 3315.00    0.02411
 3316.00    0.02426
 3317.00    0.02441
 3318.00    0.02458
 3319.00    0.02476
 3320.00    0.02494
 3321.00    0.02514
 3322.00    0.02534
 3323.00    0.02556
 3324.00    0.02579
 3325.00    0.02603
 3326.00    0.02628
 3327.00    0.02654
 3328.00    0.02682
 3329.00    0.02711
 3330.00    0.02741
 3331.00    0.02773
 3332.00    0.02806
 3333.00    0.02841
 3334.00    0.02878
 3335.00    0.02917
 3336.00    0.02958
 3337.00    0.03000
 3338.00    0.03045
 3339.00    0.03093
 3340.00    0.03143
 3341.00    0.03195
 3342.00    0.03250
 3343.00    0.03309
 3344.00    0.03370
 3345.00    0.03435
 3346.00    0.03504
 3347.00    0.03577
 3348.00    0.03654
 3349.00    0.03735
 3350.00    0.03822
 3351.00    0.03914
 3352.00    0.04013
 3353.00    0.04117
 3354.00    0.04229
 3355.00    0.04348
 3356.00    0.04476
 3357.00    0.04612
 3358.00    0.04759
 3359.00    0.04918
 3360.00    0.05088
 3361.00    0.05272
 3362.00    0.05472
 3363.00    0.05688
 3364.00    0.05923
 3365.00    0.06180
 3366.00    0.06460
 3367.00    0.06768
 3368.00    0.07106
 3369.00    0.07479
 3370.00    0.07892
 3371.00    0.08351
 3372.00    0.08863
 3373.00    0.09437
 3374.00    0.10082
 3375.00    0.10811
 3376.00    0.11640
 3377.00    0.12586
 3378.00    0.13674
 3379.00    0.14933
 3380.00    0.16398
 3381.00    0.18116
 3382.00    0.20147
 3383.00    0.22569
 3384.00    0.25483
 3385.00    0.29021
 3386.00    0.33360
 3387.00    0.38733
 3388.00    0.45449
 3389.00    0.53908
 3390.00    0.64606
 3391.00    0.78096
 3392.00    0.94839
 3393.00    1.14809
 3394.00    1.36727
 3395.00    1.57134
 3396.00    1.70457
 3397.00    1.71684
 3398.00    1.60305
 3399.00    1.40776
 3400.00    1.18851
 3401.00    0.98433
 3402.00    0.81133
 3403.00    0.67134
 3404.00    0.56026
 3405.00    0.47254
 3406.00    0.40308
 3407.00    0.34770
 3408.00    0.30317
 3409.00    0.26702
 3410.00    0.23741
 3411.00    0.21294
 3412.00    0.19254
 3413.00    0.17540
 3414.00    0.16091
 3415.00    0.14857
 3416.00    0.13801
 3417.00    0.12891
 3418.00    0.12105
 3419.00    0.11423
 3420.00    0.10829
 3421.00    0.10310
 3422.00    0.09857
 3423.00    0.09459
 3424.00    0.09111
 3425.00    0.08807
 3426.00    0.08540
 3427.00    0.08307
 3428.00    0.08105
 3429.00    0.07931
 3430.00    0.07781
 3431.00    0.07655
 3432.00    0.07549
 3433.00    0.07464
 3434.00    0.07397
 3435.00    0.07347
 3436.00    0.07315
 3437.00    0.07299
 3438.00    0.07298
 3439.00    0.07314
 3440.00    0.07345
 3441.00    0.07392
 3442.00    0.07455
 3443.00    0.07535
 3444.00    0.07632
 3445.00    0.07748
 3446.00    0.07883
 3447.00    0.08038
 3448.00    0.08217
 3449.00    0.08420
 3450.00    0.08650
 3451.00    0.08910
 3452.00    0.09204
 3453.00    0.09536
 3454.00    0.09910
 3455.00    0.10335
 3456.00    0.10815
 3457.00    0.11362
 3458.00    0.11986
 3459.00    0.12700
 3460.00    0.13522
 3461.00    0.14473
 3462.00    0.15580
 3463.00    0.16876
 3464.00    0.18406
 3465.00    0.20224
 3466.00    0.22405
 3467.00    0.25044
 3468.00    0.28269
 3469.00    0.32247
 3470.00    0.37202
 3471.00    0.43425
 3472.00    0.51284
 3473.00    0.61212
 3474.00    0.73620
 3475.00    0.88672
 3476.00    1.05777
 3477.00    1.22841
 3478.00    1.35895
 3479.00    1.40441
 3480.00    1.34610
 3481.00    1.20821
 3482.00    1.03665
 3483.00    0.86880
 3484.00    0.72303
 3485.00    0.60377
 3486.00    0.50883
 3487.00    0.43394
 3488.00    0.37487
 3489.00    0.32803
 3490.00    0.29061
 3491.00    0.26048
 3492.00    0.23600
 3493.00    0.21597
 3494.00    0.19946
 3495.00    0.18577
 3496.00    0.17435
 3497.00    0.16479
 3498.00    0.15676
 3499.00    0.15000
 3500.00    0.14431
 3501.00    0.13952
 3502.00    0.13551
 3503.00    0.13216
 3504.00    0.12938
 3505.00    0.12711
 3506.00    0.12529
 3507.00    0.12386
 3508.00    0.12278
 3509.00    0.12203
 3510.00    0.12157
 3511.00    0.12138
 3512.00    0.12144
 3513.00    0.12173
 3514.00    0.12224
 3515.00    0.12296
 3516.00    0.12388
 3517.00    0.12499
 3518.00    0.12630
 3519.00    0.12779
 3520.00    0.12946
 3521.00    0.13131
 3522.00    0.13335
 3523.00    0.13557
 3524.00    0.13798
 3525.00    0.14057
 3526.00    0.14337
 3527.00    0.14636
 3528.00    0.14956
 3529.00    0.15298
 3530.00    0.15662
 3531.00    0.16049
 3532.00    0.16461
 3533.00    0.16899
 3534.00    0.17365
 3535.00    0.17859
 3536.00    0.18384
 3537.00    0.18942
 3538.00    0.19534
 3539.00    0.20164
 3540.00    0.20833
 3541.00    0.21546
 3542.00    0.22304
 3543.00    0.23111
 3544.00    0.23972
 3545.00    0.24891
 3546.00    0.25872
 3547.00    0.26922
 3548.00    0.28046
 3549.00    0.29250
 3550.00    0.30543
 3551.00    0.31933
 3552.00    0.33430
 3553.00    0.35044
 3554.00    0.36788
 3555.00    0.38675
 3556.00    0.40721
 3557.00    0.42945
 3558.00    0.45367
 3559.00    0.48011
 3560.00    0.50904
 3561.00    0.54079
 3562.00    0.57572
 3563.00    0.61427
 3564.00    0.65695
 3565.00    0.70435
 3566.00    0.75721
 3567.00    0.81637
 3568.00    0.88285
 3569.00    0.95790
 3570.00    1.04302
 3571.00    1.14005
 3572.00    1.25129
 3573.00    1.37955
 3574.00    1.52840
 3575.00    1.70233
 3576.00    1.90706
 3577.00    2.14999
 3578.00    2.44070
 3579.00    2.79174
 3580.00    3.21968
 3581.00    3.74647
 3582.00    4.40122
 3583.00    5.22220
 3584.00    6.25851
 3585.00    7.56959
 3586.00    9.21795
 3587.00   11.24494
 3588.00   13.61354
 3589.00   16.10879
 3590.00   18.24738
 3591.00   19.36663
 3592.00   19.01926
 3593.00   17.35220
 3594.00   14.97393
 3595.00   12.49585
 3596.00   10.27280
 3597.00    8.42362
 3598.00    6.93936
 3599.00    5.76426
 3600.00    4.83555
 3601.00    4.09824
 3602.00    3.50832
 3603.00    3.03200
 3604.00    2.64371
 3605.00    2.32419
 3606.00    2.05886
 3607.00    1.83665
 3608.00    1.64909
 3609.00    1.48960
 3610.00    1.35309
 3611.00    1.23552
 3612.00    1.13372
 3613.00    1.04512
 3614.00    0.96768
 3615.00    0.89973
 3616.00    0.83991
 3617.00    0.78709
 3618.00    0.74036
 3619.00    0.69893
 3620.00    0.66219
 3621.00    0.62958
 3622.00    0.60067
 3623.00    0.57507
 3624.00    0.55248
 3625.00    0.53263
 3626.00    0.51531
 3627.00    0.50035
 3628.00    0.48759
 3629.00    0.47694
 3630.00    0.46831
 3631.00    0.46166
 3632.00    0.45696
 3633.00    0.45422
 3634.00    0.45348
 3635.00    0.45479
 3636.00    0.45828
 3637.00    0.46407
 3638.00    0.47235
 3639.00    0.48337
 3640.00    0.49742
 3641.00    0.51489
 3642.00    0.53626
 3643.00    0.56213
 3644.00    0.59325
 3645.00    0.63056
 3646.00    0.67526
 3647.00    0.72888
 3648.00    0.79336
 3649.00    0.87124
 3650.00    0.96581
 3651.00    1.08138
 3652.00    1.22368
 3653.00    1.40028
 3654.00    1.62123
 3655.00    1.89974
 3656.00    2.25267
 3657.00    2.70028
 3658.00    3.26336
 3659.00    3.95428
 3660.00    4.75630
 3661.00    5.58905
 3662.00    6.28098
 3663.00    6.60911
 3664.00    6.43924
 3665.00    5.84156
 3666.00    5.02772
 3667.00    4.19666
 3668.00    3.45842
 3669.00    2.84702
 3670.00    2.35691
 3671.00    1.96867
 3672.00    1.66133
 3673.00    1.41673
 3674.00    1.22046
 3675.00    1.06146
 3676.00    0.93135
 3677.00    0.82384
 3678.00    0.73416
 3679.00    0.65868
 3680.00    0.59462
 3681.00    0.53981
 3682.00    0.49259
 3683.00    0.45162
 3684.00    0.41586
 3685.00    0.38445
 3686.00    0.35672
 3687.00    0.33211
 3688.00    0.31017
 3689.00    0.29052
 3690.00    0.27284
 3691.00    0.25688
 3692.00    0.24242
 3693.00    0.22928
 3694.00    0.21728
 3695.00    0.20631
 3696.00    0.19624
 3697.00    0.18698
 3698.00    0.17844
 3699.00    0.17053
 3700.00    0.16321
 3701.00    0.15641
 3702.00    0.15008
 3703.00    0.14418
 3704.00    0.13866
 3705.00    0.13350
 3706.00    0.12866
 3707.00    0.12411
 3708.00    0.11984
 3709.00    0.11581
 3710.00    0.11201
 3711.00    0.10842
 3712.00    0.10503
 3713.00    0.10182
 3714.00    0.09877
 3715.00    0.09588
 3716.00    0.09313
 3717.00    0.09051
 3718.00    0.08802
 3719.00    0.08565
 3720.00    0.08339
 3721.00    0.08122
 3722.00    0.07916
 3723.00    0.07718
 3724.00    0.07529
 3725.00    0.07348
 3726.00    0.07174
 3727.00    0.07007
 3728.00    0.06847
 3729.00    0.06693
 3730.00    0.06545
 3731.00    0.06402
 3732.00    0.06265
 3733.00    0.06133
 3734.00    0.06006
 3735.00    0.05883
 3736.00    0.05765
 3737.00    0.05650
 3738.00    0.05540
 3739.00    0.05433
 3740.00    0.05330
 3741.00    0.05230
 3742.00    0.05133
 3743.00    0.05040
 3744.00    0.04949
 3745.00    0.04861
 3746.00    0.04776
 3747.00    0.04693
 3748.00    0.04613
 3749.00    0.04535
 3750.00    0.04460
 3751.00    0.04386
 3752.00    0.04315
 3753.00    0.04246
 3754.00    0.04178
 3755.00    0.04113
 3756.00    0.04049
 3757.00    0.03987
 3758.00    0.03926
 3759.00    0.03867
 3760.00    0.03810
 3761.00    0.03754
 3762.00    0.03700
 3763.00    0.03646
 3764.00    0.03595
 3765.00    0.03544
 3766.00    0.03495
 3767.00    0.03447
 3768.00    0.03400
 3769.00    0.03354
 3770.00    0.03309
 3771.00    0.03265
 3772.00    0.03222
 3773.00    0.03181
 3774.00    0.03140
 3775.00    0.03100
 3776.00    0.03061
 3777.00    0.03022
 3778.00    0.02985
 3779.00    0.02948
 3780.00    0.02913
 3781.00    0.02878
 3782.00    0.02843
 3783.00    0.02810
 3784.00    0.02777
 3785.00    0.02744
 3786.00    0.02713
 3787.00    0.02682
 3788.00    0.02652
 3789.00    0.02622
 3790.00    0.02593
 3791.00    0.02564
 3792.00    0.02536
 3793.00    0.02508
 3794.00    0.02481
 3795.00    0.02455
 3796.00    0.02429
 3797.00    0.02403
 3798.00    0.02378
 3799.00    0.02354
 3800.00    0.02330
 3801.00    0.02306
 3802.00    0.02282
 3803.00    0.02260
 3804.00    0.02237
 3805.00    0.02215
 3806.00    0.02193
 3807.00    0.02172
 3808.00    0.02151
 3809.00    0.02130
 3810.00    0.02110
 3811.00    0.02090
 3812.00    0.02071
 3813.00    0.02051
 3814.00    0.02032
 3815.00    0.02014
 3816.00    0.01995
 3817.00    0.01977
 3818.00    0.01960
 3819.00    0.01942
 3820.00    0.01925
 3821.00    0.01908
 3822.00    0.01891
 3823.00    0.01875
 3824.00    0.01859
 3825.00    0.01843
 3826.00    0.01827
 3827.00    0.01812
 3828.00    0.01797
 3829.00    0.01782
 3830.00    0.01767
 3831.00    0.01752
 3832.00    0.01738
 3833.00    0.01724
 3834.00    0.01710
 3835.00    0.01696
 3836.00    0.01683
 3837.00    0.01670
 3838.00    0.01656
 3839.00    0.01643
 3840.00    0.01631
 3841.00    0.01618
 3842.00    0.01606
 3843.00    0.01593
 3844.00    0.01581
 3845.00    0.01570
 3846.00    0.01558
 3847.00    0.01546
 3848.00    0.01535
 3849.00    0.01524
 3850.00    0.01512
 3851.00    0.01501
 3852.00    0.01491
 3853.00    0.01480
 3854.00    0.01469
 3855.00    0.01459
 3856.00    0.01449
 3857.00    0.01439
 3858.00    0.01428
 3859.00    0.01419
 3860.00    0.01409
 3861.00    0.01399
 3862.00    0.01390
 3863.00    0.01380
 3864.00    0.01371
 3865.00    0.01362
 3866.00    0.01353
 3867.00    0.01344
 3868.00    0.01335
 3869.00    0.01326
 3870.00    0.01318
 3871.00    0.01309
 3872.00    0.01301
 3873.00    0.01292
 3874.00    0.01284
 3875.00    0.01276
 3876.00    0.01268
 3877.00    0.01260
 3878.00    0.01252
 3879.00    0.01244
 3880.00    0.01237
 3881.00    0.01229
 3882.00    0.01222
 3883.00    0.01214
 3884.00    0.01207
 3885.00    0.01200
 3886.00    0.01192
 3887.00    0.01185
 3888.00    0.01178
 3889.00    0.01171
 3890.00    0.01165
 3891.00    0.01158
 3892.00    0.01151
 3893.00    0.01144
 3894.00    0.01138
 3895.00    0.01131
 3896.00    0.01125
 3897.00    0.01119
 3898.00    0.01112
 3899.00    0.01106
 3900.00    0.01100
 3901.00    0.01094
 3902.00    0.01088
 3903.00    0.01082
 3904.00    0.01076
 3905.00    0.01070
 3906.00    0.01064
 3907.00    0.01059
 3908.00    0.01053
 3909.00    0.01047
 3910.00    0.01042
 3911.00    0.01036
 3912.00    0.01031
 3913.00    0.01025
 3914.00    0.01020
 3915.00    0.01015
 3916.00    0.01010
 3917.00    0.01004
 3918.00    0.00999
 3919.00    0.00994
 3920.00    0.00989
 3921.00    0.00984
 3922.00    0.00979
 3923.00    0.00974
 3924.00    0.00970
 3925.00    0.00965
 3926.00    0.00960
 3927.00    0.00955
 3928.00    0.00951
 3929.00    0.00946
 3930.00    0.00942
 3931.00    0.00937
 3932.00    0.00932
 3933.00    0.00928
 3934.00    0.00924
 3935.00    0.00919
 3936.00    0.00915
 3937.00    0.00911
 3938.00    0.00906
 3939.00    0.00902
 3940.00    0.00898
 3941.00    0.00894
 3942.00    0.00890
 3943.00    0.00886
 3944.00    0.00882
 3945.00    0.00878
 3946.00    0.00874
 3947.00    0.00870
 3948.00    0.00866
 3949.00    0.00862
 3950.00    0.00858
 3951.00    0.00855
 3952.00    0.00851
 3953.00    0.00847
 3954.00    0.00843
 3955.00    0.00840
 3956.00    0.00836
 3957.00    0.00833
 3958.00    0.00829
 3959.00    0.00825
 3960.00    0.00822
 3961.00    0.00818
 3962.00    0.00815
 3963.00    0.00812
 3964.00    0.00808
 3965.00    0.00805
 3966.00    0.00802
 3967.00    0.00798
 3968.00    0.00795
 3969.00    0.00792
 3970.00    0.00788
 3971.00    0.00785
 3972.00    0.00782
 3973.00    0.00779
 3974.00    0.00776
 3975.00    0.00773
 3976.00    0.00770
 3977.00    0.00767
 3978.00    0.00764
 3979.00    0.00761
 3980.00    0.00758
 3981.00    0.00755
 3982.00    0.00752
 3983.00    0.00749
 3984.00    0.00746
 3985.00    0.00743
 3986.00    0.00740
 3987.00    0.00737
 3988.00    0.00735
 3989.00    0.00732
 3990.00    0.00729
 3991.00    0.00726
 3992.00    0.00724
 3993.00    0.00721
 3994.00    0.00718
 3995.00    0.00716
 3996.00    0.00713
 3997.00    0.00710
 3998.00    0.00708
 3999.00    0.00705
 4000.00    0.00703
